1 4 0.532591
1 5 0.72709
1 6 0.91367
1 64 1.00548
1 65 0.941206
1 68 0.894626
1 73 0.928613
1 290 0.752221
1 291 0.537211
1 292 0.791218
1 293 1.01896
2 5 0.652372
2 73 0.922923
2 74 0.988527
2 264 0.969602
2 285 0.990391
2 286 0.916472
2 287 0.812714
2 288 0.738067
2 289 0.641643
2 290 0.55709
2 291 0.503581
2 292 0.687641
3 264 0.812616
3 265 0.761386
3 292 0.876671
4 45 0.923339
4 65 1.22395
4 290 1.02001
4 291 0.790122
4 292 0.795599
4 293 0.910568
5 45 0.83948
5 78 1.08935
5 260 1.22761
5 261 0.886829
5 264 0.918717
5 265 0.805261
5 285 1.1743
5 286 0.991702
5 290 0.92713
5 292 0.526867
5 294 0.755747
6 32 1.28044
6 45 0.58684
6 46 0.764988
6 60 1.00401
6 61 0.772198
6 64 1.14061
6 65 1.03583
6 291 0.84292
6 292 0.63467
6 293 0.450532
6 294 0.603559
6 295 0.80425
7 33 0.981132
7 43 0.947777
7 44 0.584263
7 45 0.526639
7 46 0.681171
7 47 0.869794
7 80 1.0739
7 261 1.02819
7 265 1.0883
7 292 0.863596
7 293 0.609291
7 294 0.484193
7 296 0.757713
7 311 1.18498
7 312 0.995883
7 314 0.986538
7 315 0.733008
8 33 0.860373
8 44 0.620588
8 45 0.552992
8 46 0.461047
8 48 0.734099
8 56 1.3007
8 57 0.980113
8 60 1.04072
8 61 0.841355
8 103 1.31915
8 292 1.08491
8 293 0.738727
8 294 0.59772
8 295 0.499569
8 296 0.593891
8 312 0.978691
9 29 1.18901
9 33 0.939763
9 35 0.970974
9 37 1.22643
9 42 1.01292
9 44 0.748185
9 46 0.630036
9 47 0.468915
9 48 0.598604
9 57 1.04039
9 296 0.436066
9 297 0.61087
9 298 0.736378
9 299 1.05085
9 308 1.01514
9 311 0.964136
9 312 0.796528
10 13 0.967356
10 48 0.466017
10 49 0.624778
10 50 0.741885
10 52 0.888608
10 53 1.07289
10 54 1.05315
10 57 0.86811
10 84 1.32059
10 85 0.972877
10 86 0.850911
10 89 1.04852
10 90 0.800968
10 93 1.3606
10 100 1.47418
10 103 1.22581
10 295 0.693211
10 296 0.588569
10 297 0.519801
10 298 0.632665
11 25 1.06063
11 26 1.04689
11 27 0.916717
11 29 1.10852
11 35 1.09095
11 37 1.18027
11 42 1.33662
11 44 1.30052
11 46 1.0904
11 47 0.769068
11 48 0.629561
11 49 0.550221
11 50 0.526807
11 52 0.913447
11 57 1.13108
11 296 0.818888
11 298 0.492888
11 299 0.579414
11 300 0.620359
11 308 0.95918
11 312 1.12252
12 15 0.88645
12 18 1.1927
12 25 1.07601
12 50 0.511755
12 82 1.21693
12 83 1.23443
12 84 0.949884
12 85 0.712184
12 86 0.554197
12 89 0.853785
12 90 0.865571
12 297 0.742578
12 298 0.640004
12 299 0.568834
12 300 0.68349
12 301 0.93777
12 303 1.36262
12 304 1.21289
13 18 0.977189
13 19 0.989632
13 25 0.889976
13 49 0.838286
13 50 0.478508
13 52 0.974573
13 89 1.10229
13 299 0.716153
13 300 0.680484
13 301 0.858112
14 18 0.588045
14 19 0.617949
14 23 0.879216
14 24 0.838833
14 25 0.725845
14 50 0.834886
14 299 0.725037
14 300 0.659273
14 301 0.632738
14 302 0.991368
15 18 0.507641
15 19 0.58339
15 21 0.968684
15 23 0.98824
15 84 0.98531
15 304 1.26544
16 19 0.482165
16 20 0.574969
16 21 0.804641
17 20 0.526225
17 21 0.553985
17 22 0.771324
17 23 0.87492
18 21 0.528462
18 22 0.534889
18 23 0.531377
18 24 0.741659
18 84 1.14825
18 299 1.00148
18 300 0.979292
18 301 0.678053
18 303 0.820426
18 304 1.05487
19 22 0.508651
19 23 0.689009
21 193 1.61374
21 301 1.07653
21 302 1.10435
21 303 1.04491
21 304 1.38232
22 302 0.865045
23 301 0.559419
23 302 0.496557
23 303 0.585977
24 28 1.23201
24 38 1.20716
24 300 0.789946
24 301 0.545653
24 302 0.528276
24 305 0.979823
25 28 0.903441
25 29 1.14831
25 35 1.30518
25 47 1.53479
25 48 1.48524
25 49 1.17513
25 50 1.03225
25 298 1.16091
25 300 0.516923
25 301 0.505554
26 36 0.887007
26 37 0.652248
26 38 0.697824
26 298 1.08322
26 299 0.876333
26 300 0.53077
26 301 0.615622
26 302 0.623066
26 304 0.960583
26 305 0.759598
26 308 0.960617
26 309 1.06571
26 312 1.32135
27 35 0.695133
27 36 0.631374
27 37 0.541414
27 38 0.746047
27 47 1.07424
27 50 0.988633
27 299 0.969551
27 300 0.630955
27 308 1.02462
27 312 1.21768
28 34 0.936523
28 35 0.601269
28 36 0.50682
28 37 0.644516
28 38 0.816315
28 39 0.939423
28 47 1.1278
29 32 0.805984
29 34 0.666761
29 35 0.440179
29 36 0.59629
29 37 0.829847
29 47 0.847314
29 48 0.977817
29 49 0.811705
29 50 1.0771
29 300 1.12802
30 33 0.763185
30 34 0.522523
30 35 0.502594
30 36 0.661236
30 40 1.14916
30 41 0.840335
30 42 0.947123
30 47 0.964849
31 34 0.496264
31 47 0.754755
31 49 0.9326
32 35 0.821818
32 44 0.857771
32 45 0.775685
32 46 0.550179
32 47 0.554741
32 48 0.701109
32 49 0.839846
32 60 1.203
33 42 0.888848
33 43 0.598657
33 44 0.533855
33 45 0.524341
33 46 0.478099
33 47 0.561926
34 41 0.69814
34 42 0.590644
34 43 0.420803
34 44 0.594621
34 47 0.663328
34 49 1.07758
35 39 1.01749
35 40 0.86305
35 41 0.561729
35 42 0.543521
35 44 0.828503
35 47 0.716097
35 308 1.18508
35 312 0.997929
36 39 0.640105
36 40 0.566398
36 41 0.404976
36 42 0.609917
37 40 0.569675
37 41 0.604736
37 42 0.70883
37 44 1.25778
37 47 1.1776
37 298 1.15501
37 299 1.15809
37 300 0.931802
37 304 1.19233
37 305 0.880687
37 308 0.844582
37 309 0.733491
37 312 0.906636
38 42 1.00154
38 305 0.858394
38 309 0.857744
40 309 0.920531
40 313 1.0132
41 313 1.01527
42 47 0.950042
42 308 1.08622
42 309 0.908327
42 312 0.683252
42 313 0.762943
42 315 0.862569
42 316 1.04108
43 47 0.835801
43 312 0.898853
43 315 0.860628
44 47 0.663302
44 294 1.04158
44 296 1.02986
44 311 1.2291
44 312 0.890338
44 314 1.05636
44 315 0.756132
45 48 0.967821
45 60 1.11145
45 293 0.989811
46 49 0.918903
46 52 1.15623
46 56 1.16695
46 57 0.957954
46 60 0.932535
46 61 0.912464
46 295 0.933384
47 51 1.09708
47 52 1.00025
47 312 1.05636
48 52 0.635241
48 53 0.908079
48 56 0.941747
48 57 0.744625
48 60 1.04264
48 61 1.05623
48 90 1.10919
48 295 0.988699
48 296 0.975172
49 52 0.579478
49 57 1.00385
50 298 0.991693
50 300 0.81514
51 56 1.06415
52 56 0.692394
52 57 0.713161
52 60 1.14419
52 99 1.14823
53 56 0.513955
53 57 0.609439
53 59 0.993881
53 99 0.787388
53 106 1.30863
54 57 0.504035
54 58 0.595909
54 89 0.892774
54 90 0.77902
54 92 1.05401
54 93 0.884478
54 99 0.643348
54 100 0.655569
54 101 0.709421
54 102 0.633221
54 103 0.85534
54 106 0.953212
55 58 0.518903
55 59 0.599109
55 60 0.844165
55 63 0.987864
55 98 0.908428
55 99 0.696374
55 101 0.869008
55 106 0.890841
55 109 1.2477
55 110 1.22748
56 59 0.538341
56 60 0.602021
56 61 0.830612
57 60 0.549496
57 61 0.591434
57 62 0.784083
57 89 1.15587
57 90 0.880838
57 101 1.10493
57 102 0.871982
57 103 0.873422
57 295 1.01306
58 61 0.512766
58 62 0.493317
58 63 0.620159
58 66 1.06796
58 77 1.15998
58 90 0.901072
58 101 0.962188
58 102 0.716269
58 103 0.625647
58 106 0.737035
58 107 0.869863
58 109 1.15104
58 110 1.05592
58 111 1.32475
58 114 1.5831
59 62 0.582135
59 63 0.491944
59 64 0.733063
59 65 0.95066
59 106 0.933107
59 109 1.23454
59 110 1.03761
60 64 0.761712
60 65 0.962923
60 293 1.06919
61 64 0.698079
61 65 0.733213
61 76 1.13898
61 77 0.926446
61 103 0.88608
61 293 0.716878
61 294 0.942271
61 295 0.869909
62 65 0.51561
62 66 0.65081
62 76 0.982569
62 77 0.802032
62 102 0.971656
62 103 0.670623
62 107 0.718973
62 110 0.955074
62 223 1.08812
62 225 1.06983
62 295 1.00612
63 66 0.538439
63 67 0.65278
63 107 0.734121
63 109 1.02227
63 110 0.734276
63 114 1.11136
64 67 0.489891
64 68 0.596805
64 71 0.987369
64 74 1.138
64 114 1.23199
64 291 0.90027
64 293 1.04595
65 68 0.506262
65 69 0.601961
65 73 0.906418
65 74 0.823614
65 75 0.596431
65 76 0.780177
65 77 0.824735
65 107 0.916697
65 222 1.07597
65 223 0.84207
65 224 1.04531
65 225 1.08906
65 291 0.637007
65 293 0.811769
66 69 0.4938
66 70 0.607606
66 77 1.01554
66 106 1.0084
66 107 0.704095
66 110 0.745996
66 111 0.700918
66 114 0.929467
66 206 1.07334
66 208 1.01632
66 223 0.767456
66 225 1.12191
67 70 0.505325
67 71 0.584881
67 110 0.877428
67 114 0.874438
67 291 1.0325
68 71 0.466954
68 73 0.554359
68 74 0.672733
68 75 0.708726
68 289 0.983697
68 291 0.73179
69 72 0.624309
69 73 0.507017
69 74 0.433461
69 75 0.537242
69 77 1.11515
69 107 1.10482
69 111 0.97266
69 206 1.00012
69 208 0.824797
69 210 1.11221
69 220 0.801512
69 221 0.478467
69 222 0.635989
69 223 0.631237
69 291 0.799768
70 110 1.06181
70 111 0.852058
70 114 0.867948
70 115 1.04099
70 118 1.183
70 122 1.12416
70 124 1.05017
70 126 1.14062
70 208 0.765376
70 209 0.880266
70 210 0.838128
70 219 0.839841
70 220 0.708745
70 221 0.534027
70 223 0.912423
71 74 0.840387
71 114 1.13118
71 118 1.32021
71 210 1.05337
71 219 0.871443
71 291 1.12318
72 219 0.762384
72 220 0.757816
72 289 0.841679
73 220 0.867224
73 221 0.683535
73 222 0.816907
73 289 0.528972
73 291 0.727369
74 158 1.22719
74 205 1.08322
74 207 0.942589
74 220 0.836827
74 222 0.504624
74 224 0.821834
74 284 0.924536
74 285 0.750833
74 289 0.590808
74 290 0.482306
74 291 0.663827
74 292 0.892853
75 205 1.00733
75 222 0.656028
75 223 0.4932
75 224 0.627874
75 225 0.840987
75 226 1.0929
75 282 1.08117
75 285 0.696251
75 290 0.460031
75 291 0.469127
76 203 1.04173
76 223 0.582692
76 224 0.478911
76 226 0.763519
76 282 0.894922
76 285 0.61868
76 286 0.783625
76 290 0.631914
76 291 0.61365
76 292 0.464192
76 293 0.633205
76 294 0.83945
76 295 1.08019
77 90 1.17902
77 91 0.97345
77 103 0.908149
77 104 1.00735
77 107 1.08551
77 223 0.783835
77 224 0.632559
77 225 0.489434
77 226 0.627236
77 228 1.02275
77 282 1.13278
77 293 0.47677
77 295 0.736724
78 90 1.12612
78 103 1.05613
78 203 0.949069
78 224 0.832811
78 225 0.614216
78 226 0.490043
78 228 0.674414
78 254 1.1336
78 257 1.06099
78 260 1.34129
78 261 1.15483
78 264 1.49844
78 278 1.19213
78 279 1.23079
78 282 1.11428
78 285 1.07554
78 286 1.0551
78 291 1.12137
78 292 0.784125
78 293 0.61953
78 294 0.462005
78 295 0.592106
78 296 0.81202
78 297 1.04058
78 314 1.27499
79 87 0.714145
79 90 0.831769
79 91 0.696623
79 103 0.952092
79 225 0.794671
79 226 0.63906
79 227 0.545265
79 228 0.563227
79 295 0.486278
79 297 0.709833
80 85 0.94036
80 87 0.738578
80 201 0.985618
80 228 0.500074
80 229 0.656062
80 230 0.656739
80 231 0.896892
80 251 1.21071
80 254 0.944943
80 257 1.13856
80 294 0.746453
80 295 0.628574
80 296 0.488527
80 297 0.584101
80 298 0.864843
80 310 1.14538
80 311 0.799241
80 312 1.00734
80 313 1.23419
80 314 0.995961
81 85 0.602402
81 87 0.595321
81 198 0.979885
81 228 0.701232
81 229 0.652219
81 230 0.50783
81 254 1.12612
81 297 0.486626
81 298 0.642425
81 311 0.764469
82 85 0.533376
82 87 0.725633
82 88 0.986788
82 194 0.998597
82 197 0.779506
82 198 0.785409
82 230 0.445445
82 231 0.73945
82 232 0.8727
82 233 1.18593
82 236 1.35188
82 237 1.28868
82 297 0.777102
82 298 0.79129
82 299 0.928641
82 304 0.961139
82 307 0.841266
82 308 0.955928
82 311 0.951472
83 87 0.757809
83 88 0.866623
83 189 1.11391
83 193 1.02342
83 194 0.724128
83 195 0.799984
83 196 0.655457
83 197 0.594971
83 198 0.74106
83 232 1.0972
83 299 1.0106
83 304 1.05908
84 87 0.71865
84 88 0.785189
84 89 0.967008
84 193 1.108
84 194 0.909244
84 299 0.800039
84 304 0.995965
85 88 0.816675
85 90 0.970931
85 297 0.596875
85 298 0.502244
85 299 0.513137
85 300 0.890692
85 304 0.852742
85 307 0.958514
85 308 0.915486
85 311 1.11335
86 89 0.55869
86 90 0.644499
86 92 1.01144
86 296 0.964925
86 297 0.593235
87 90 0.514382
87 91 0.584603
87 92 0.799003
87 186 1.60502
87 196 1.16697
87 198 1.1021
87 200 1.43368
87 201 1.32967
87 226 1.20087
87 227 0.919285
87 228 0.96455
87 295 0.906215
87 297 0.545423
88 91 0.561449
88 92 0.556386
88 93 0.599638
88 94 0.880512
88 102 0.837416
88 183 1.17846
88 196 1.06245
89 92 0.543628
89 93 0.391238
89 94 0.731938
89 100 0.75791
89 102 0.601335
89 297 0.943151
90 102 0.508697
90 103 0.61537
90 105 1.04605
90 295 0.843498
90 296 0.930261
90 297 0.745409
90 298 1.03531
91 103 0.463756
91 104 0.576587
91 105 0.847774
91 107 1.00923
91 130 1.52132
91 176 1.27883
91 202 1.27458
91 204 1.19525
91 225 0.930008
91 226 0.996261
91 227 0.851509
91 295 0.883685
91 297 0.926987
92 95 0.767256
92 100 0.894054
92 101 0.612668
92 102 0.450378
92 104 0.520131
92 105 0.623832
92 106 0.848797
92 130 1.52673
92 176 1.00499
92 179 0.992089
92 180 1.12395
92 183 1.17648
92 227 1.09339
93 100 0.561302
93 101 0.40507
93 102 0.444387
93 105 0.774394
93 176 1.21357
94 97 0.575114
94 100 0.577056
94 101 0.467928
94 176 1.11519
95 101 0.503859
95 102 0.800143
95 105 0.626785
95 108 1.04634
95 109 1.01947
95 172 1.11281
95 173 1.02066
95 176 0.914151
97 100 0.493101
97 101 0.587715
97 106 1.12177
98 101 0.590394
98 106 0.923575
98 109 1.07842
99 106 1.02089
101 105 0.625483
101 106 0.685881
101 109 1.03857
102 105 0.605298
102 106 0.604765
102 107 0.852297
103 106 0.546792
103 107 0.607008
103 206 1.33694
103 223 1.22552
103 225 0.932139
103 293 1.12495
103 295 0.985317
103 297 1.23058
104 107 0.519372
104 108 0.624975
104 109 0.863812
104 111 1.03656
104 130 1.31867
104 172 1.0638
104 175 0.934339
104 176 0.867281
104 179 0.952418
104 204 1.00195
104 206 1.06732
104 223 1.10272
104 225 0.826964
104 227 1.08705
105 108 0.495912
105 109 0.604567
105 172 0.837064
105 176 0.753194
105 179 1.04028
106 109 0.482919
106 110 0.612945
107 110 0.518547
107 111 0.575967
107 112 0.825904
107 175 1.02803
107 204 1.23776
107 206 1.01335
107 223 0.974956
107 224 1.13881
107 225 1.01009
108 111 0.516366
108 112 0.593112
108 113 0.828643
108 126 1.0926
108 172 0.575859
108 175 0.711418
108 176 0.811069
108 179 1.15732
108 204 1.2507
108 206 0.971351
108 225 1.18067
109 112 0.530319
109 113 0.592255
109 116 1.0172
109 172 0.687682
110 113 0.499689
110 114 0.581103
111 114 0.502899
111 115 0.644029
111 124 1.02762
111 126 0.950766
111 169 1.16909
111 172 0.851644
111 175 1.06731
111 206 0.995431
111 208 0.860854
111 221 1.0537
111 223 1.04006
111 225 1.354
112 115 0.472883
112 116 0.617535
112 124 0.972709
112 126 0.970593
112 128 1.36128
112 169 1.05824
112 170 0.897384
112 171 0.771568
112 172 0.63637
112 175 1.00291
112 206 1.19851
113 116 0.47033
113 117 0.589662
113 118 0.867526
113 172 0.934427
114 117 0.5135
114 118 0.656943
114 119 0.989882
114 122 1.10755
114 124 0.971334
114 208 1.09441
114 210 1.06827
115 118 0.58709
115 119 0.795249
115 122 0.918946
115 124 0.695658
115 126 1.00374
115 169 1.22615
115 170 1.01146
115 208 1.02251
115 209 1.08415
116 119 0.757843
116 170 1.16124
116 171 1.08742
116 172 1.11454
116 173 1.4352
117 124 1.14924
118 121 0.808715
118 122 0.762761
118 124 0.95598
118 210 1.0382
119 122 0.693917
119 124 0.973279
119 214 1.14304
120 123 0.652626
120 211 1.04166
120 213 0.798831
120 214 0.914333
121 124 0.915333
121 210 0.886067
121 211 0.828009
121 212 0.551715
121 213 0.531102
121 214 0.572399
121 215 0.824177
121 219 1.135
122 210 0.5105
122 211 0.536334
122 212 0.416131
122 217 0.960663
122 219 0.824413
123 209 0.747803
123 210 0.482591
123 211 0.505446
123 213 0.665397
124 169 1.02344
124 170 0.920384
124 208 0.705256
124 209 0.541606
124 210 0.394622
124 220 0.887052
125 168 0.728551
125 169 0.758932
125 170 0.76883
125 207 0.828251
125 208 0.60931
125 209 0.473794
125 211 0.796499
125 219 1.05008
126 167 0.824728
126 168 0.599385
126 169 0.550234
126 170 0.703821
126 175 0.971033
126 204 1.27399
126 205 1.01923
126 206 0.683295
126 207 0.559686
126 208 0.426186
126 209 0.554715
127 160 1.25705
127 166 0.60094
127 167 0.522437
127 168 0.432002
127 169 0.555851
127 205 0.826246
127 206 0.60919
127 207 0.502538
127 208 0.641394
127 209 0.774133
128 140 1.20401
128 142 1.0215
128 164 0.990398
128 165 0.821256
128 166 0.546737
128 167 0.502557
128 169 0.669318
128 174 1.03187
128 175 0.806804
128 178 0.906002
128 179 1.04417
128 204 0.72352
128 205 0.562787
128 206 0.455739
128 207 0.580249
128 208 0.823971
129 140 0.834862
129 142 0.770434
129 149 1.20697
129 161 0.855724
129 164 0.663703
129 165 0.588918
129 166 0.474122
129 203 0.820186
129 204 0.606119
129 205 0.552092
129 206 0.694632
129 207 0.827396
129 224 0.996416
130 139 0.90242
130 140 0.647978
130 141 0.532077
130 142 0.622529
130 149 1.19227
130 164 0.774355
130 165 0.763105
130 167 0.895283
130 175 1.07823
130 178 0.847471
130 179 0.816027
130 182 0.702605
130 183 0.948568
130 185 1.05623
130 186 1.02162
130 202 0.737396
130 203 0.609536
130 204 0.477365
130 205 0.66448
130 225 0.989162
130 227 1.06591
131 138 0.661018
131 139 0.57649
131 140 0.458119
131 141 0.477439
131 142 0.734025
131 149 0.937302
131 151 1.15122
131 159 1.38104
131 161 0.897928
131 164 0.741935
131 165 0.889203
131 166 1.0238
131 201 0.880496
131 202 0.564494
131 203 0.547978
131 205 0.869605
131 224 1.14706
131 281 1.10638
131 282 1.28764
132 137 0.831719
132 138 0.571045
132 139 0.519225
132 140 0.63563
132 141 0.612455
132 149 1.04591
132 182 0.945437
132 185 0.973631
132 186 0.736339
132 187 0.810903
132 188 1.06357
132 199 0.932554
132 200 0.58128
132 201 0.590736
132 202 0.406474
132 203 0.619962
133 136 0.599394
133 137 0.564194
133 138 0.454721
133 139 0.608494
133 187 0.923509
133 199 0.872703
133 200 0.542599
133 201 0.556131
133 202 0.60897
133 203 0.811434
133 226 1.10143
133 229 1.03674
133 246 1.04886
133 249 0.957697
133 250 0.945003
133 253 1.0123
133 276 1.10388
133 277 0.838232
133 278 0.787142
133 281 1.06518
133 282 1.26652
134 137 0.557291
134 139 0.658036
134 147 0.997127
134 186 0.92224
134 187 0.715929
134 188 0.986552
134 189 1.15891
134 199 0.703682
134 200 0.525617
134 201 0.751221
134 202 0.873332
134 242 1.23471
134 245 1.03719
134 246 0.78605
134 249 0.860014
134 250 0.920996
135 139 0.936984
135 199 0.871789
135 242 1.00956
135 245 0.76084
135 246 0.636008
135 248 0.984108
135 249 0.689353
135 250 0.904795
136 148 0.86854
136 149 1.09096
136 199 1.12035
136 248 1.09483
136 249 0.737717
136 252 1.091
136 253 0.971847
136 277 0.759717
136 281 1.26808
137 146 0.93443
137 147 0.673083
137 148 0.502082
137 277 0.880988
137 281 1.22856
138 146 0.828182
138 147 0.718505
138 148 0.485302
138 149 0.564487
138 150 0.84635
138 151 0.927869
138 161 0.916647
138 162 1.04471
138 164 0.910454
138 203 0.988102
138 277 0.909332
138 280 1.21413
138 281 1.04823
139 144 0.807493
139 145 0.804095
139 146 0.61429
139 147 0.65683
139 161 1.08463
139 164 0.846045
139 185 0.972723
139 187 0.924971
139 200 0.955532
140 143 0.543612
140 144 0.658681
140 145 0.8015
140 146 0.673864
140 149 0.790061
140 161 0.987075
140 163 0.833027
140 164 0.583289
140 165 0.72196
140 185 0.888586
141 144 0.726439
141 165 0.874429
141 167 1.17286
141 178 0.928654
141 179 0.887612
141 181 0.795148
141 182 0.48578
141 184 0.844005
141 185 0.581177
141 186 0.622269
141 200 1.06219
141 201 1.13797
141 202 0.840672
141 203 0.940699
141 227 1.25061
142 164 0.799902
142 165 0.640085
142 167 0.893448
142 169 1.31558
142 178 0.760394
142 179 0.88755
142 181 0.702025
142 182 0.553019
142 185 0.74137
142 204 1.08389
143 146 0.770135
143 149 1.16124
143 165 0.651382
143 167 1.07492
143 181 0.962045
143 185 0.868913
144 181 1.07934
144 185 0.786664
146 149 0.772804
146 162 1.18381
146 163 0.869534
146 164 0.91916
146 165 1.10602
148 151 0.955745
148 161 1.01325
148 162 0.964262
148 163 0.818951
148 277 1.17527
149 160 0.992457
149 161 0.649131
149 162 0.583027
149 163 0.514821
149 164 0.669216
149 277 1.14688
150 160 0.796885
150 161 0.578354
150 162 0.4987
150 277 1.10129
151 158 0.922161
151 159 0.559108
151 160 0.522357
151 161 0.422095
151 162 0.572274
151 224 1.48169
151 277 0.936405
151 280 0.837239
151 281 0.66395
152 158 0.744211
152 159 0.500628
152 160 0.504466
152 162 0.673113
152 280 0.995816
153 157 0.451487
153 158 0.457478
153 159 0.431103
153 274 1.17605
153 280 0.976128
153 283 0.960826
154 157 0.440134
154 158 0.527562
154 160 0.725194
154 222 1.49565
156 222 1.43595
156 284 1.06502
157 274 1.29918
157 280 1.16801
157 283 0.963353
157 284 0.908725
158 222 1.14186
158 224 1.34769
158 281 0.859168
158 283 0.753598
158 284 0.672185
158 285 0.947237
159 205 1.15976
159 207 1.26839
159 222 1.16307
159 224 1.22721
159 274 1.13877
159 280 0.778996
159 281 0.571148
159 283 0.728976
159 284 0.797016
159 285 0.97283
160 166 1.08411
160 205 1.03078
160 207 1.09199
160 222 1.12671
161 164 0.607035
161 165 0.919177
161 166 0.93565
161 203 1.05233
161 205 0.988482
161 224 1.26288
161 281 0.775269
162 166 0.941856
163 166 0.909447
165 178 1.11609
166 205 0.941058
166 207 0.933389
167 174 0.926355
167 177 1.14488
167 178 0.856344
167 181 1.25764
167 182 1.19044
167 185 1.58773
167 204 1.13792
167 206 0.944826
168 174 0.956511
168 209 1.04065
169 174 0.628545
169 175 0.645139
169 178 0.922615
169 204 1.30817
169 206 0.921122
169 207 0.970313
170 174 0.673711
170 175 0.80122
171 174 0.505265
171 175 0.672399
171 177 0.998305
172 175 0.509503
172 176 0.643768
173 176 0.501025
173 177 0.613909
174 177 0.515365
174 178 0.617827
174 181 1.09259
174 204 1.41376
175 178 0.544684
175 179 0.685865
175 204 1.07616
175 206 0.9254
175 225 1.30215
176 179 0.531629
176 180 0.669871
176 183 1.07283
176 204 1.19587
177 180 0.511295
177 181 0.663836
177 182 0.851648
178 181 0.549765
178 182 0.590983
178 204 1.05192
179 182 0.477187
179 183 0.572731
179 184 0.818636
179 204 0.912026
179 225 1.20619
179 227 1.1974
180 183 0.525133
180 184 0.60247
181 184 0.494494
181 185 0.628176
182 185 0.521092
182 186 0.638019
182 202 1.00077
183 186 0.508611
183 188 0.882824
183 196 1.06367
183 202 0.973078
183 227 1.11287
184 188 0.909114
186 196 1.02065
186 197 1.04758
186 198 0.833216
186 199 0.879715
186 200 0.782807
186 201 1.014
186 202 0.876907
186 227 1.17081
186 229 1.22139
187 197 0.874125
187 198 0.699102
187 199 0.61447
187 200 0.641121
187 242 1.33287
187 246 1.0537
188 194 1.00542
188 195 0.837404
188 196 0.592791
188 197 0.534044
188 198 0.479522
188 199 0.560902
188 200 0.736344
189 194 0.801212
189 195 0.699804
189 196 0.644116
189 197 0.527082
189 199 0.679703
189 243 0.895829
189 246 1.02038
190 194 0.603679
190 195 0.449473
190 196 0.605105
190 197 0.635615
190 243 1.09818
191 194 0.502254
191 195 0.578841
191 197 0.802039
191 199 1.20323
191 237 1.03952
191 239 1.01539
191 243 1.03414
191 246 1.38298
192 195 0.67036
193 303 1.32379
193 304 1.37128
194 197 0.576202
194 199 1.13987
194 232 1.20029
194 236 1.24546
194 237 0.972648
194 303 1.3895
194 304 1.3318
197 200 0.911913
197 230 0.87045
197 232 1.06977
197 237 1.18842
197 243 1.0958
197 250 1.19148
198 201 0.768329
198 227 0.92393
198 228 0.856172
198 229 0.567056
198 230 0.740447
198 232 1.09301
198 246 0.993939
198 250 0.965657
199 202 0.934942
199 229 0.641479
199 230 0.828884
199 232 1.02485
199 239 1.34549
199 242 1.14056
199 243 0.892701
199 246 0.631368
199 247 0.739465
199 249 0.892907
199 250 0.723987
199 253 1.1941
200 227 0.832281
200 228 0.765998
200 229 0.610299
201 226 0.72889
201 227 0.567982
201 228 0.490218
201 229 0.527532
201 230 0.890693
201 250 0.735787
201 251 1.06254
201 253 0.877947
201 254 0.902921
201 257 1.14965
201 276 1.18764
201 278 0.81777
201 281 1.19496
201 282 1.22914
202 225 0.866845
202 226 0.596189
202 227 0.505357
202 228 0.680651
202 229 0.818944
202 278 0.923156
202 282 1.1837
203 223 1.03068
203 224 0.694228
203 225 0.623164
203 226 0.4636
203 227 0.620982
203 228 0.856304
203 277 1.15451
203 278 0.865176
203 281 0.904447
203 282 0.924761
203 285 1.16542
204 223 0.81828
204 224 0.582339
204 225 0.51494
204 226 0.611654
204 227 0.780367
204 282 1.13312
205 222 0.682642
205 223 0.578022
205 224 0.45171
205 281 1.0609
206 220 1.05068
206 221 0.803709
206 222 0.589513
206 223 0.507611
206 224 0.628523
206 225 0.786452
207 220 0.731545
207 221 0.591096
207 222 0.446987
207 224 0.829647
208 219 0.89858
208 220 0.568381
208 221 0.474806
208 222 0.59261
208 223 0.756446
209 217 1.12028
209 218 0.816688
209 219 0.642051
209 220 0.42391
210 217 0.944145
210 219 0.541583
210 220 0.566048
211 215 0.874617
211 216 0.719175
211 217 0.645422
211 218 0.493021
211 219 0.474142
212 215 0.550042
212 216 0.516641
212 217 0.582734
212 218 0.669438
212 219 0.67151
213 216 0.548524
215 219 0.965142
216 219 0.87081
222 284 1.06421
222 285 0.900964
222 290 0.917459
223 291 0.959682
224 278 1.19376
224 281 1.03408
224 282 0.848461
224 284 1.07677
224 285 0.762728
224 290 0.962706
226 257 1.16826
226 278 0.957279
226 281 1.09435
226 282 0.950007
226 285 1.06014
226 286 1.1538
227 278 1.11688
228 250 0.867149
228 253 0.96998
228 254 0.793959
228 257 1.02154
228 258 1.19159
228 278 1.02218
228 282 1.28988
228 294 1.00376
228 295 0.999627
228 296 0.973981
228 297 1.04056
228 314 1.28029
229 232 0.919212
229 250 0.663782
229 251 0.88475
229 254 0.821508
229 278 1.20346
229 311 1.13662
230 246 1.11092
230 247 0.888454
230 250 0.734919
230 251 0.804213
230 254 0.849578
230 311 0.858216
231 236 1.11066
231 237 1.12539
231 247 0.742862
231 251 0.54437
231 254 0.738738
231 255 0.896001
231 306 1.10333
231 307 0.811404
231 310 0.812482
231 311 0.773862
231 314 1.04899
232 236 0.765469
232 237 0.757887
232 239 1.0411
232 240 1.30561
232 243 1.05467
232 244 0.910632
232 246 0.958192
232 247 0.600561
232 250 0.792975
232 251 0.685406
232 307 0.853173
233 236 0.501885
233 237 0.640969
233 238 0.822984
233 239 0.961084
233 251 0.894039
233 306 0.989372
233 307 0.905885
233 309 1.26319
233 310 0.991615
233 311 1.1939
234 237 0.493813
234 238 0.511579
234 239 0.622068
234 240 0.897143
234 243 0.916583
234 244 0.690849
234 246 1.06396
234 247 0.759774
234 251 1.05608
235 238 0.530814
236 303 1.21667
236 304 1.12531
236 306 1.03044
236 307 1.03519
237 240 0.924843
237 243 0.970045
237 244 0.934928
237 247 0.993894
237 307 1.2206
239 243 0.612865
239 244 0.626367
239 247 0.935952
240 243 0.536234
240 244 0.596184
241 244 0.491456
241 245 0.610736
241 246 0.885439
241 248 1.03039
242 245 0.512391
242 246 0.686815
242 247 0.894357
243 246 0.531602
243 247 0.635388
243 250 1.08762
244 247 0.480048
244 248 0.606784
244 251 1.02311
245 248 0.558
245 249 0.63522
246 249 0.509578
246 250 0.624328
247 250 0.51625
247 251 0.613477
248 251 0.49815
248 252 0.582726
249 252 0.523173
249 253 0.620409
249 254 0.841088
250 253 0.545302
250 254 0.594936
250 278 1.04766
251 254 0.507694
251 255 0.591371
252 255 0.518725
252 256 0.602462
252 275 1.04711
252 276 0.810835
252 277 1.04883
253 256 0.493847
253 257 0.609762
253 276 0.578899
253 277 0.7642
253 278 0.691264
253 279 0.817794
254 257 0.503175
254 258 0.643348
254 278 0.896096
254 311 1.04398
254 314 0.928051
255 258 0.510163
255 259 0.636877
255 314 0.834363
255 316 1.1023
256 259 0.499926
256 260 0.6566
256 272 0.895095
256 275 0.806094
256 276 0.627032
256 278 0.891507
256 279 0.783538
256 286 1.20035
257 260 0.520613
257 261 0.63076
257 262 0.838832
257 264 1.02966
257 276 0.765476
257 278 0.788407
257 279 0.655395
257 282 0.986882
257 286 0.901704
257 294 1.13137
257 314 0.963055
258 261 0.492691
258 262 0.573753
258 294 1.08739
258 314 0.658779
258 316 0.731369
259 262 0.483012
259 263 0.595483
259 268 1.074
259 270 1.14934
259 271 0.858113
259 272 0.803247
259 275 1.09424
259 316 0.837141
260 263 0.4883
260 264 0.576148
260 271 0.618548
260 272 0.595659
260 273 0.701412
260 275 1.0462
260 276 0.979527
260 279 0.785745
260 282 1.05759
260 283 0.980744
260 286 0.749481
261 264 0.471408
261 265 0.560293
261 279 1.01651
261 285 1.11614
261 286 0.746203
261 292 1.02428
261 294 1.00347
261 314 0.947504
261 315 0.829041
261 316 0.752368
262 265 0.488501
262 266 0.592642
262 268 0.860869
262 314 0.921374
262 316 0.546045
263 266 0.485952
263 267 0.575113
263 268 0.514059
263 269 0.802313
263 270 0.817118
263 271 0.543414
263 272 0.768704
263 273 1.02984
264 267 0.474558
264 268 0.649948
264 271 0.655397
264 272 0.903636
264 273 1.05975
264 283 1.17268
264 286 0.779582
264 287 0.711783
264 288 1.02796
264 292 1.11862
265 315 0.949714
265 316 0.765607
266 269 0.910478
267 271 0.760238
268 271 0.582047
268 272 0.937317
268 273 1.25307
269 272 0.899013
269 273 1.23379
270 273 0.906624
270 274 1.06724
270 275 1.22809
271 274 0.953199
271 286 0.955401
271 287 0.812137
272 275 0.732009
272 276 0.884237
272 279 0.79389
272 286 0.957171
273 276 0.680504
273 277 0.830138
273 279 0.476372
273 280 0.50519
273 282 0.755517
273 283 0.527623
273 284 0.858035
273 286 0.799233
273 287 0.848322
274 277 0.705577
274 279 0.652314
274 280 0.491893
274 283 0.763815
275 279 0.740628
276 279 0.518291
276 280 0.604083
277 280 0.482931
277 281 0.642342
278 281 0.531122
278 282 0.612467
278 286 1.02121
279 282 0.477857
279 283 0.549407
279 286 0.736186
279 287 0.979024
280 283 0.497226
281 284 0.807304
281 285 0.82304
282 285 0.476803
282 286 0.584139
283 286 0.572131
283 287 0.640175
284 287 0.492899
284 288 0.476429
284 289 0.73125
284 290 0.758956
285 288 0.598329
285 290 0.562577
285 292 0.789304
286 290 0.709051
286 292 0.765435
286 294 1.11992
287 290 0.718376
288 291 0.875741
288 292 1.00354
294 314 1.05244
294 315 0.946541
294 316 1.22356
295 311 1.1023
295 314 1.16071
296 308 0.947584
296 311 0.767643
296 312 0.780925
296 314 0.95076
296 315 0.980151
297 307 1.06422
297 308 0.869346
297 311 0.87315
298 304 0.834569
298 307 0.816487
298 308 0.586036
298 311 0.809669
298 312 0.881303
299 304 0.649498
299 305 0.81602
299 307 0.86943
299 308 0.692478
300 305 0.785455
301 304 0.587379
301 305 0.673018
301 308 0.911172
302 305 0.481129
302 306 0.861796
303 306 0.846882
303 307 0.876485
304 307 0.517336
304 308 0.622506
305 308 0.54716
305 309 0.647373
305 312 1.09215
306 309 0.487108
306 310 0.584579
307 310 0.5046
307 311 0.604844
308 311 0.513118
308 312 0.605664
309 312 0.522372
309 313 0.599221
310 313 0.52652
310 314 0.693471
311 314 0.54133
312 315 0.625193
312 316 0.928111
313 316 0.722564
1 73 1.12755
1 287 1.16882
1 288 1.04349
1 289 0.913286
1 291 1.07797
2 287 0.980193
2 291 0.973814
3 6 0.863915
3 73 1.17167
3 286 1.12125
3 288 1.02998
3 290 0.92054
3 291 0.729343
3 292 0.901497
4 7 0.875793
4 45 0.987617
4 65 1.31523
4 285 1.12714
4 290 1.03647
4 291 0.805692
4 292 0.805548
4 293 0.890368
5 45 0.917937
5 78 1.12563
5 261 1.03142
5 264 1.11457
5 285 0.896363
5 286 0.772567
5 290 0.932945
5 292 0.529887
5 293 0.569091
5 294 0.711489
5 315 0.970868
6 45 0.601336
6 46 0.840033
6 60 1.17231
6 61 0.907106
6 64 1.16289
6 65 1.06007
6 68 1.35579
6 291 0.818265
6 292 0.643255
6 293 0.451257
6 294 0.618821
6 295 0.836032
6 296 1.03533
7 32 1.22471
7 43 0.948471
7 44 0.605383
7 45 0.561232
7 46 0.734537
7 47 0.897066
7 261 1.17803
7 292 0.858493
7 294 0.478888
7 296 0.69363
7 311 1.1278
7 312 0.984166
7 314 0.961388
7 315 0.607725
7 316 0.788883
8 44 0.626355
8 45 0.549123
8 46 0.49408
8 47 0.579719
8 48 0.766966
8 57 0.999277
8 60 0.987908
8 61 0.754154
8 64 1.36201
8 65 1.32972
8 77 1.053
8 293 0.711239
8 294 0.610572
8 295 0.48478
8 296 0.605887
8 297 0.857224
8 312 1.00936
8 315 0.807164
9 29 1.10809
9 33 0.924304
9 34 0.924063
9 35 0.848749
9 37 1.28035
9 42 0.986089
9 44 0.718439
9 46 0.641281
9 47 0.464095
9 48 0.58834
9 57 1.03704
9 296 0.483275
9 298 0.730912
9 308 1.12083
9 311 0.963355
9 312 0.812721
9 315 0.822026
10 13 1.00366
10 48 0.471201
10 49 0.635948
10 50 0.73725
10 52 0.849745
10 53 1.0593
10 54 1.09582
10 57 0.867494
10 85 0.876601
10 86 0.802492
10 89 1.11071
10 90 0.885187
10 102 1.30991
10 103 1.29662
10 295 0.689325
10 296 0.625332
10 297 0.488695
10 298 0.596521
10 312 1.05258
11 25 1.06508
11 26 1.04694
11 27 0.819999
11 29 1.04849
11 35 0.99259
11 36 1.21961
11 37 1.19055
11 42 1.3189
11 44 1.31524
11 47 0.820579
11 48 0.636857
11 49 0.555815
11 50 0.520247
11 52 0.875573
11 57 1.12794
11 296 0.866037
11 298 0.475018
11 299 0.573115
11 300 0.661524
11 301 1.01574
11 308 1.01061
11 312 1.10865
12 15 0.822458
12 18 1.18192
12 25 1.07513
12 27 1.03808
12 29 1.33632
12 50 0.47429
12 52 0.833023
12 82 1.25823
12 83 1.2303
12 84 0.933634
12 85 0.68512
12 86 0.633304
12 89 0.956875
12 90 0.958823
12 193 1.432
12 297 0.779405
12 298 0.673431
12 299 0.600654
12 300 0.715203
12 301 0.975107
12 304 1.28395
13 18 0.9622
13 25 0.876714
13 50 0.525983
13 52 0.974233
13 89 1.20433
13 298 0.95603
13 299 0.731943
13 300 0.692668
13 301 0.860762
14 18 0.591523
14 19 0.601509
14 20 0.951294
14 21 1.03247
14 23 0.807676
14 24 0.867791
14 25 0.745073
14 26 1.01214
14 27 1.09137
14 50 0.878879
14 299 0.711305
14 300 0.631134
14 301 0.610012
14 302 0.982874
15 18 0.53129
15 19 0.621806
15 20 0.851725
15 21 0.996339
15 23 0.989106
15 84 0.884717
15 192 1.24418
15 193 1.00557
15 194 0.996259
15 299 0.887755
16 19 0.528495
16 20 0.585336
17 20 0.528967
17 21 0.608126
17 23 0.914331
17 84 1.07805
17 191 1.20234
17 192 0.89892
17 193 0.818844
17 195 1.07982
17 303 1.06667
18 21 0.505388
18 22 0.63601
18 23 0.571219
18 24 0.876828
18 82 1.47791
18 83 1.31299
18 84 1.08105
18 193 0.949771
18 299 0.970188
18 300 0.940171
18 301 0.643597
18 303 0.796462
18 304 0.985392
18 308 1.43868
19 22 0.491879
19 23 0.57711
19 301 0.817244
21 84 1.53594
21 192 1.2899
21 193 1.24632
21 236 1.30824
21 301 0.958813
21 303 0.920637
21 304 1.2372
22 302 0.916127
23 26 0.893161
23 300 0.871535
23 301 0.534522
23 302 0.553914
23 303 0.670187
23 304 0.959002
24 300 0.759722
24 301 0.564275
24 302 0.541513
24 305 1.01668
25 28 0.868616
25 29 1.1737
25 48 1.50509
25 49 1.18696
25 50 1.05232
25 300 0.525001
26 35 1.04746
26 36 0.89613
26 37 0.641067
26 38 0.745191
26 299 0.872708
26 300 0.523814
26 301 0.6376
26 302 0.617401
26 304 0.977364
26 305 0.791395
26 308 1.00929
26 309 1.08014
26 312 1.3297
27 35 0.708453
27 36 0.653571
27 37 0.563326
27 50 0.933411
27 299 0.874338
27 300 0.579567
27 308 1.03912
27 312 1.18096
28 34 0.900902
28 35 0.606177
28 36 0.505779
28 37 0.626167
28 38 0.857703
28 39 0.850684
28 47 1.0972
29 32 0.802476
29 34 0.63304
29 35 0.461757
29 36 0.568214
29 37 0.843755
29 47 0.824845
29 48 0.920941
29 49 0.759584
29 50 1.04977
29 300 1.16272
29 312 1.33598
30 33 0.703465
30 34 0.512541
30 36 0.685735
30 39 1.11177
30 41 0.856889
30 47 0.917909
31 34 0.612042
31 47 0.812057
31 49 1.01538
32 35 0.838352
32 42 1.15746
32 44 0.841601
32 45 0.773981
32 46 0.525077
32 47 0.528921
32 49 0.903179
32 60 1.10007
33 42 0.865169
33 43 0.585407
33 44 0.524992
33 45 0.561945
33 46 0.511943
33 47 0.593449
34 41 0.642257
34 42 0.572407
34 43 0.448233
34 44 0.599251
34 47 0.674063
34 49 1.07308
35 40 0.825437
35 41 0.574919
35 42 0.528111
35 44 0.79913
35 46 0.954028
35 47 0.704848
35 48 0.931787
35 296 1.2121
35 298 1.10108
35 308 1.1858
35 312 0.908841
35 316 1.12639
36 39 0.579331
36 40 0.520574
36 41 0.423798
36 42 0.604086
37 40 0.525537
37 42 0.763022
37 44 1.3323
37 298 1.14127
37 299 1.14726
37 300 0.941876
37 301 1.14964
37 305 0.887878
37 308 0.937665
37 309 0.781604
37 312 0.956674
38 42 1.0394
38 305 0.939769
38 309 0.945427
40 43 0.985769
40 309 0.977811
40 313 1.13026
40 316 1.26716
41 312 0.977078
41 313 1.04889
41 316 1.0452
42 47 1.00505
42 296 1.19899
42 308 1.1377
42 309 0.905549
42 312 0.66303
42 313 0.755928
42 316 0.699922
43 312 0.872769
43 315 0.871611
43 316 0.668453
44 47 0.689245
44 296 0.996926
44 298 1.33047
44 311 1.21548
44 312 0.900643
44 315 0.746317
44 316 0.673028
45 293 0.959761
45 315 0.980726
46 49 0.98637
46 52 1.22278
46 56 1.20509
46 60 0.846694
46 61 0.819903
47 52 1.0009
47 296 0.945828
47 312 1.12013
48 52 0.634059
48 53 0.935113
48 56 0.881908
48 57 0.766701
48 60 0.947919
48 61 0.960101
48 90 1.16377
48 103 1.42962
48 293 1.38941
48 295 0.989644
48 298 1.00829
49 52 0.603269
49 57 1.02759
50 298 0.980152
50 300 0.87609
51 56 0.951002
52 56 0.575265
52 57 0.674807
52 60 1.06467
53 56 0.492124
53 57 0.632922
53 90 0.96425
53 99 0.803601
53 106 1.28674
54 57 0.522958
54 58 0.638769
54 62 1.07425
54 89 0.858459
54 90 0.707354
54 92 1.00477
54 93 0.817977
54 94 0.987174
54 99 0.65488
54 100 0.623337
54 101 0.670573
54 102 0.579894
54 103 0.768634
54 106 0.930966
55 58 0.493222
55 59 0.641875
55 60 0.885891
55 98 0.898049
55 99 0.680089
55 106 0.851223
56 59 0.566087
56 60 0.650974
56 61 0.833855
57 60 0.577673
57 61 0.565896
57 62 0.705448
57 77 1.23584
57 89 1.11759
57 90 0.80876
57 101 1.07998
57 103 0.769782
57 106 1.01566
57 295 1.00298
58 61 0.557028
58 62 0.486276
58 63 0.612844
58 64 0.949661
58 65 1.04111
58 66 1.05613
58 77 1.15978
58 90 0.93793
58 102 0.764082
58 103 0.606028
58 106 0.707718
58 107 0.806059
58 109 1.13063
58 110 0.997329
58 111 1.27437
59 63 0.497025
59 64 0.796689
59 106 0.961757
59 110 1.02765
60 63 0.635932
60 64 0.78585
60 65 1.00439
60 293 1.14456
61 64 0.736973
61 65 0.800493
61 77 0.925554
61 90 1.1004
61 103 0.891992
61 293 0.782451
61 294 0.952564
61 295 0.848665
62 65 0.58088
62 66 0.700882
62 77 0.806759
62 103 0.690417
62 107 0.711504
62 223 1.18092
62 225 1.07721
62 293 0.842121
62 295 1.01187
63 66 0.55527
63 67 0.740141
63 106 0.914336
63 107 0.769653
63 110 0.78968
63 113 1.18295
63 114 1.10316
64 67 0.546617
64 68 0.655498
64 71 1.08796
64 291 1.01359
64 293 1.0576
65 68 0.494774
65 69 0.601981
65 73 0.912146
65 74 0.906199
65 75 0.650555
65 76 0.848885
65 77 0.873883
65 107 0.902965
65 111 1.01602
65 223 0.940924
65 224 1.11628
65 225 1.16162
65 291 0.720125
65 293 0.846452
66 69 0.540485
66 70 0.632976
66 77 1.07224
66 106 1.02362
66 107 0.697681
66 110 0.721394
66 111 0.641664
66 114 0.85909
66 223 0.90922
67 70 0.532373
67 71 0.622137
67 73 0.932537
67 110 0.932149
67 114 0.827049
67 118 1.19308
68 71 0.482356
68 72 0.677481
68 73 0.588331
68 74 0.778002
68 75 0.746691
68 220 1.15571
68 221 0.92187
68 291 0.774602
69 72 0.521991
69 73 0.474685
69 74 0.532768
69 75 0.546891
69 107 1.07134
69 111 0.917145
69 124 1.28902
69 206 1.01979
69 207 0.969359
69 208 0.838676
69 210 1.11286
69 219 0.99578
69 220 0.85626
69 221 0.571317
69 222 0.754705
69 223 0.68605
69 291 0.80412
70 110 1.08902
70 111 0.794202
70 114 0.885851
70 115 0.952798
70 118 1.10978
70 122 1.13999
70 124 1.00595
70 126 1.11614
70 208 0.769998
70 209 0.859942
70 210 0.840472
70 219 0.840659
70 220 0.810455
70 221 0.677032
70 223 0.945823
71 114 1.1558
71 219 0.797533
71 291 1.12081
72 208 0.86553
72 210 0.872691
72 219 0.546876
72 220 0.546979
72 221 0.49724
72 222 0.852751
72 289 0.987321
73 208 1.0437
73 220 0.774796
73 221 0.563653
73 222 0.778251
73 223 0.887482
73 288 1.02734
73 289 0.670073
73 290 0.587307
73 291 0.703604
74 154 1.43535
74 158 1.19011
74 207 0.909305
74 220 0.812553
74 221 0.484468
74 222 0.491932
74 224 0.814138
74 284 0.828272
74 285 0.805893
74 289 0.610812
74 290 0.409959
74 291 0.619817
74 292 0.82954
75 222 0.640142
75 223 0.482121
75 224 0.627287
75 225 0.849844
75 285 0.750784
75 290 0.496719
75 291 0.484593
76 222 0.813387
76 223 0.590357
76 224 0.477356
76 226 0.787086
76 278 1.27146
76 281 1.05676
76 282 0.832856
76 284 0.888515
76 285 0.590657
76 286 0.885998
76 290 0.649564
76 291 0.620295
76 292 0.44872
76 293 0.626455
76 294 0.804915
77 90 1.09942
77 91 0.898306
77 103 0.892859
77 104 0.91937
77 107 1.01692
77 223 0.799926
77 224 0.619859
77 225 0.502842
77 226 0.64359
77 282 1.03195
77 291 0.848381
77 293 0.512396
77 295 0.745245
78 91 0.810087
78 103 0.999567
78 224 0.788496
78 226 0.461515
78 228 0.69222
78 254 1.22964
78 257 1.16679
78 261 1.31871
78 278 1.12263
78 282 0.974795
78 285 0.963146
78 286 1.08731
78 292 0.81336
78 293 0.688658
78 294 0.528247
78 295 0.610156
78 296 0.843616
78 297 1.01525
78 314 1.35173
79 86 0.862061
79 87 0.545535
79 90 0.7816
79 91 0.744132
79 103 1.0394
79 226 0.67585
79 227 0.562179
79 228 0.600051
79 229 0.861123
79 254 1.15444
79 294 0.593497
79 295 0.461227
79 297 0.658736
80 85 0.897003
80 87 0.693064
80 228 0.612978
80 229 0.74671
80 230 0.672306
80 231 0.901081
80 251 1.17968
80 254 0.866481
80 255 1.1541
80 257 0.976757
80 258 1.00866
80 261 1.18591
80 294 0.710111
80 295 0.625292
80 296 0.494463
80 297 0.60385
80 298 0.886513
80 307 1.20809
80 310 1.13369
80 311 0.778318
80 314 0.915312
81 85 0.632358
81 87 0.731845
81 228 0.830112
81 229 0.778055
81 230 0.51893
81 254 0.948788
81 297 0.502504
81 298 0.628206
81 308 0.76973
81 311 0.581784
82 85 0.606212
82 87 0.898602
82 193 0.991288
82 230 0.375076
82 231 0.495633
82 232 0.584944
82 233 0.885611
82 236 1.09857
82 237 1.07534
82 297 0.781767
82 298 0.761096
82 299 0.864865
82 301 1.24782
82 304 0.878402
82 307 0.702478
82 308 0.744853
82 310 0.942527
82 311 0.752328
83 87 0.838337
83 191 0.944954
83 192 0.998408
83 193 0.663067
83 194 0.691004
83 196 0.996314
83 197 0.700339
83 198 0.7902
83 199 0.95498
83 228 0.982106
83 229 0.684907
83 230 0.43396
83 231 0.656043
83 232 0.614044
83 233 0.920976
83 236 0.975
83 237 0.846569
83 250 1.05231
83 299 0.93126
83 301 1.2645
83 304 0.990487
83 307 1.00611
84 87 0.736775
84 88 0.840202
84 89 0.909161
84 193 0.626471
84 194 0.547402
84 197 0.701511
84 198 0.884419
84 298 0.865507
84 299 0.778296
84 304 1.04283
85 193 0.947444
85 295 1.11716
85 297 0.549175
85 298 0.495908
85 299 0.50462
85 300 0.875593
85 304 0.94981
85 308 0.892435
85 311 1.03714
86 89 0.527487
86 90 0.594943
86 91 0.870334
86 194 1.00813
86 295 1.00793
86 297 0.587909
87 90 0.491819
87 91 0.614553
87 92 0.821728
87 103 1.02752
87 194 1.15692
87 197 1.00434
87 198 0.907543
87 226 0.958504
87 227 0.635296
87 228 0.735724
87 229 0.802834
87 230 0.83931
87 231 1.21093
87 232 1.37583
87 254 1.41068
87 295 0.820481
87 297 0.607089
88 91 0.509484
88 92 0.531641
88 93 0.6106
88 102 0.832294
88 103 0.965534
88 104 1.00413
88 186 1.17963
88 188 1.1047
88 194 1.09265
88 196 0.891247
88 198 0.757376
88 202 0.961603
88 227 0.603087
88 228 0.810934
88 229 0.865011
89 92 0.55095
89 93 0.394597
89 94 0.73088
89 100 0.847475
89 102 0.65502
89 105 1.19864
89 194 1.17475
90 100 0.941525
90 102 0.524801
90 103 0.633242
90 105 1.08715
90 295 0.889587
90 296 1.0409
90 297 0.858988
91 95 0.95226
91 102 0.49169
91 103 0.473905
91 104 0.546499
91 105 0.839446
91 106 0.919802
91 107 0.981466
91 130 1.35782
91 179 1.14373
91 202 1.00876
91 204 1.03141
91 224 1.14812
91 225 0.775762
91 226 0.78613
91 227 0.604954
91 228 0.953208
91 293 1.25796
91 295 0.963195
91 297 1.08489
92 95 0.626739
92 100 0.904199
92 101 0.641713
92 102 0.478412
92 104 0.589527
92 105 0.733284
92 106 0.928633
92 130 1.27583
92 141 1.4632
92 179 0.895534
92 182 1.12281
92 183 0.841114
92 186 1.18511
92 188 1.32995
92 196 1.19769
92 198 1.13805
92 202 1.02708
92 227 0.782088
93 96 0.88737
93 100 0.595542
93 101 0.476754
93 102 0.465554
93 183 1.06059
94 97 0.582718
94 100 0.499139
94 101 0.464044
94 183 1.08187
94 196 1.22505
95 98 0.768801
95 100 0.677981
95 101 0.426917
95 102 0.67209
95 104 0.865763
95 105 0.673917
95 130 1.53286
95 175 1.15072
95 176 0.798409
95 179 0.856367
95 180 0.769667
95 183 0.969492
95 184 1.15279
96 105 0.891092
96 173 1.05385
96 176 0.849824
96 177 1.02887
96 179 1.06266
96 180 0.900918
96 183 1.22943
97 100 0.492492
97 101 0.551934
97 106 1.10179
98 101 0.5914
98 106 0.918013
98 109 1.12653
99 106 1.0151
101 105 0.685725
101 106 0.713138
101 109 1.12265
101 176 1.08878
102 105 0.635579
102 106 0.619197
102 176 1.19323
103 106 0.499414
103 107 0.576546
103 206 1.32704
103 225 0.852062
103 293 1.20596
103 295 1.08634
103 297 1.35544
104 107 0.523645
104 108 0.636601
104 111 1.08047
104 130 1.15574
104 175 1.02749
104 176 0.939439
104 179 0.854874
104 186 1.49245
104 202 1.1377
104 204 0.82228
104 206 1.01583
104 223 1.03512
104 225 0.670004
104 227 0.924244
105 108 0.481756
105 109 0.623126
105 130 1.30123
105 172 0.858702
105 175 0.816187
105 176 0.659748
105 179 0.78206
106 109 0.524608
106 110 0.630282
106 111 0.863179
106 113 1.03653
106 176 0.990653
107 110 0.535862
107 111 0.614024
107 204 1.13869
107 206 1.0053
107 223 0.962126
107 225 0.928979
108 111 0.529155
108 112 0.656535
108 115 1.08061
108 126 1.03431
108 128 1.03488
108 171 0.985854
108 172 0.646259
108 175 0.732772
108 176 0.802736
108 179 0.99287
108 204 1.09228
108 206 0.875212
108 223 1.01937
108 225 1.06211
109 112 0.517335
109 113 0.595847
109 116 1.02647
109 172 0.613078
109 173 0.864335
109 176 0.904034
110 113 0.476161
110 114 0.591582
110 117 1.009
111 114 0.516965
111 115 0.636661
111 118 1.06654
111 124 1.05469
111 126 0.984601
111 175 1.11312
111 206 1.02386
111 208 0.933697
111 221 1.17942
111 223 1.06094
111 225 1.35256
112 115 0.466644
112 116 0.606677
112 124 0.97963
112 126 0.983392
112 128 1.34627
112 169 1.10312
112 170 0.989249
112 171 0.800393
112 172 0.653053
112 175 1.02286
112 176 1.1871
112 206 1.21502
113 116 0.498973
113 117 0.615806
113 172 0.921379
114 117 0.490832
114 118 0.630888
114 124 1.10503
115 118 0.506973
115 119 0.816273
115 122 0.846171
115 124 0.788602
115 126 1.08333
115 170 1.16105
115 208 1.11448
115 209 1.17681
116 170 1.25021
116 171 1.09932
116 172 1.11021
116 173 1.38756
118 121 0.827839
118 122 0.708519
118 124 1.0219
118 210 1.14383
118 212 1.043
119 122 0.609826
119 124 1.1072
119 212 0.911197
120 123 0.768537
120 213 0.91432
121 211 0.835301
121 212 0.549534
121 213 0.544876
121 214 0.60434
121 215 0.85288
122 209 1.00788
122 210 0.660742
122 211 0.573306
122 212 0.416204
122 217 0.972511
122 219 1.07426
123 208 1.04966
123 209 0.824432
123 210 0.549867
123 211 0.548162
123 213 0.706895
124 169 1.03209
124 170 0.970622
124 208 0.706313
124 209 0.566507
124 210 0.431556
124 211 0.668135
125 168 0.74199
125 206 1.03314
125 207 0.838456
125 208 0.608669
125 209 0.507829
125 211 0.868949
125 218 1.0795
125 219 1.05417
126 167 0.855278
126 168 0.608213
126 169 0.597163
126 170 0.774835
126 171 0.965565
126 175 0.957335
126 204 1.28018
126 205 1.02628
126 206 0.680019
126 207 0.587518
126 208 0.446116
126 209 0.610017
126 210 0.827648
127 166 0.583881
127 167 0.534376
127 168 0.421945
127 169 0.57467
127 205 0.838453
127 206 0.593988
127 207 0.544836
127 208 0.646539
127 209 0.835093
128 142 0.974141
128 165 0.781962
128 166 0.5429
128 167 0.526369
128 169 0.711844
128 174 1.0435
128 175 0.772695
128 178 0.805254
128 179 0.924559
128 204 0.725537
128 205 0.568706
128 206 0.453747
128 207 0.619136
129 140 0.819064
129 142 0.725566
129 149 1.19433
129 161 0.943047
129 164 0.662931
129 165 0.547783
129 166 0.499113
129 178 0.831678
129 203 0.799152
129 204 0.582496
129 205 0.530774
129 206 0.668189
129 207 0.842409
130 139 0.914249
130 140 0.648085
130 141 0.534182
130 142 0.609292
130 149 1.15182
130 164 0.793835
130 165 0.722362
130 178 0.795098
130 179 0.764598
130 181 0.948268
130 182 0.624965
130 183 0.862919
130 186 0.946468
130 202 0.744938
130 203 0.578789
130 204 0.450495
130 225 0.963905
130 226 0.988575
130 227 1.12855
131 138 0.655396
131 139 0.570317
131 140 0.432419
131 141 0.465896
131 146 0.961427
131 149 0.872721
131 150 1.14194
131 161 0.942608
131 163 1.04834
131 164 0.760703
131 165 0.835484
131 186 0.821873
131 200 0.967552
131 201 0.857884
131 202 0.604011
131 203 0.529752
131 205 0.852142
131 224 1.12929
131 281 1.15588
132 136 0.918461
132 137 0.799362
132 138 0.548514
132 139 0.523222
132 140 0.644567
132 141 0.660318
132 147 0.94012
132 149 0.96024
132 182 0.931195
132 185 0.955999
132 186 0.690128
132 187 0.811214
132 199 0.937248
132 200 0.592997
132 201 0.547964
132 202 0.440615
132 203 0.584381
133 136 0.560511
133 137 0.545588
133 138 0.455555
133 148 0.85924
133 161 1.18652
133 187 0.942779
133 199 0.872226
133 200 0.529024
133 201 0.511662
133 203 0.793647
133 226 1.05692
133 229 0.97039
133 246 1.03288
133 249 0.908475
133 250 0.899772
133 253 0.952851
133 276 1.01619
133 277 0.800241
133 278 0.768116
133 281 1.07959
134 137 0.549606
134 139 0.680888
134 147 0.917332
134 187 0.751522
134 188 1.0217
134 189 1.2239
134 199 0.68922
134 200 0.47138
134 201 0.700929
134 242 1.16262
134 245 1.00017
134 246 0.736944
134 249 0.770682
134 250 0.844675
135 139 0.942861
135 199 0.867763
135 242 0.995169
135 245 0.734072
135 246 0.6059
135 249 0.570673
135 250 0.812368
135 253 1.01016
136 148 0.872207
136 149 1.05089
136 200 0.872344
136 201 0.951274
136 248 0.974307
136 249 0.612154
136 250 0.830867
136 252 0.922677
136 253 0.814227
136 275 1.12494
136 276 0.823886
136 277 0.753651
136 278 0.900823
137 147 0.70472
137 148 0.492028
137 277 0.839973
138 146 0.82608
138 147 0.638776
138 148 0.437193
138 149 0.494342
138 150 0.752115
138 151 0.936758
138 160 1.22702
138 161 0.920996
138 162 1.03833
138 203 0.952026
138 277 0.833555
138 280 1.22414
138 281 1.09666
139 143 0.844919
139 144 0.783652
139 146 0.594267
139 147 0.422491
139 148 0.504957
139 164 0.902797
139 182 1.07138
139 185 0.982546
139 186 0.886064
139 187 0.95798
139 200 0.958748
140 143 0.53932
140 144 0.65225
140 145 0.765973
140 146 0.548757
140 147 0.635053
140 148 0.739062
140 149 0.722667
140 161 1.03601
140 162 1.06394
140 163 0.856192
140 164 0.629093
140 165 0.687527
140 185 0.908232
141 144 0.663902
141 164 0.893733
141 165 0.807072
141 178 0.916748
141 181 0.778317
141 182 0.477361
141 183 0.75868
141 184 0.857021
141 185 0.585201
141 186 0.641862
141 200 1.12824
141 201 1.15087
141 202 0.882865
141 203 0.922611
142 165 0.619333
142 167 0.855964
142 169 1.30029
142 177 1.0272
142 178 0.698781
142 179 0.865257
142 181 0.663564
142 182 0.519067
142 185 0.76187
142 204 1.04217
143 146 0.639639
143 147 0.890789
143 149 1.13113
143 163 1.04672
143 165 0.652391
143 167 1.04244
143 185 0.888739
144 147 0.714275
144 181 1.09342
144 185 0.813484
145 148 0.929888
145 163 1.08357
146 149 0.679695
146 162 1.10438
146 163 0.791352
146 164 0.795066
146 165 0.90586
147 187 1.20012
148 151 1.0069
148 162 1.02084
148 163 0.882825
148 277 1.11835
149 161 0.696174
149 162 0.642261
149 163 0.572114
149 164 0.681203
149 277 1.01889
149 281 1.17743
150 160 0.852822
150 161 0.595493
150 162 0.533071
150 164 0.866003
150 277 0.9181
150 281 1.05291
151 157 1.10041
151 159 0.64329
151 160 0.587797
151 161 0.50395
151 274 1.06784
151 276 1.08926
151 277 0.765868
151 280 0.790234
151 281 0.77838
151 283 1.15401
152 157 0.831998
152 158 0.830285
152 159 0.552979
152 160 0.542395
152 162 0.594529
152 280 0.988928
152 281 0.97099
153 157 0.451656
153 158 0.522282
153 159 0.414108
153 160 0.599694
153 274 1.21413
153 280 0.993019
153 283 1.08854
154 157 0.434288
154 158 0.492395
154 159 0.571906
154 160 0.661411
154 222 1.2482
154 284 1.14236
154 289 1.32317
155 160 1.02153
155 209 1.5944
156 283 1.2854
156 289 1.15621
157 274 1.32291
157 280 1.16032
157 283 1.07107
158 222 1.13588
158 224 1.40632
158 280 0.923409
158 281 0.899833
158 283 0.762263
158 284 0.690148
158 288 0.871776
158 289 0.951042
159 205 1.30329
159 222 1.13269
159 224 1.27965
159 273 1.05205
159 274 1.05863
159 277 1.01162
159 280 0.682012
159 281 0.627621
159 283 0.728089
159 284 0.784322
160 164 0.996708
160 166 1.2209
160 205 1.01686
160 207 1.10236
160 222 0.966037
160 224 1.10787
160 280 0.85665
160 281 0.640491
161 164 0.652777
161 166 1.01042
161 203 1.03691
161 205 0.970157
161 224 1.1789
161 277 0.999293
161 281 0.760908
162 166 0.9757
163 166 0.875811
164 205 1.03846
165 178 1.03387
165 204 1.095
166 205 0.915271
166 207 0.904339
167 174 0.982628
167 175 0.893974
167 177 1.09765
167 178 0.806986
167 181 1.21109
167 182 1.16118
168 174 0.961137
168 207 0.96298
168 209 1.10674
169 174 0.630909
169 175 0.623083
169 178 0.882663
169 204 1.36379
169 206 0.994606
170 174 0.664628
170 175 0.788253
171 174 0.506819
171 175 0.650788
172 175 0.474347
172 176 0.612801
172 179 1.02594
173 176 0.487825
173 177 0.639829
174 177 0.490198
174 178 0.644838
174 204 1.44521
175 178 0.510389
175 179 0.619658
175 204 1.09485
175 205 1.14208
175 206 0.974232
176 179 0.501316
176 180 0.606619
176 204 1.19069
177 180 0.494387
177 181 0.608351
177 182 0.840841
177 183 0.964787
178 181 0.523302
178 182 0.595696
178 204 0.992305
179 182 0.51873
179 183 0.582514
179 204 0.829536
179 206 1.11326
179 225 1.15505
180 183 0.519283
180 184 0.63454
180 185 0.875108
181 184 0.549361
181 185 0.637351
182 185 0.512836
182 186 0.62543
182 202 0.937815
183 186 0.52062
183 188 0.957491
183 196 1.17693
183 202 0.874276
184 187 0.80356
184 188 0.88002
186 196 1.0844
186 197 1.08147
186 198 0.843676
186 199 0.871749
186 200 0.758676
186 201 0.924158
186 202 0.75663
186 227 1.11567
186 228 1.21026
186 229 1.19755
187 197 0.900041
187 199 0.618426
187 200 0.633118
187 246 1.01057
188 195 0.863696
188 196 0.590021
188 197 0.570198
188 198 0.535427
188 199 0.573095
188 200 0.762605
189 194 0.816312
189 195 0.660961
189 196 0.5715
189 197 0.543522
189 199 0.690948
189 242 0.996386
189 243 0.797875
189 246 0.99503
190 194 0.601369
190 195 0.392115
190 196 0.553708
190 199 0.971211
190 239 1.00309
190 243 0.905777
190 246 1.22448
191 194 0.514451
191 195 0.562937
191 197 0.651373
191 199 0.985946
191 232 1.07977
191 236 0.937634
191 237 0.587432
191 239 0.695478
191 243 0.767602
191 246 1.12238
192 235 1.00311
192 236 0.72027
192 237 0.493368
192 238 0.626673
192 239 0.800877
192 243 1.05918
192 303 1.31687
193 197 0.770169
193 199 1.21804
193 230 1.06497
193 231 1.17201
193 232 0.916913
193 233 1.01157
193 236 0.687434
193 237 0.523284
193 299 1.15382
193 303 1.10556
193 304 1.06211
193 307 1.34177
194 197 0.487164
194 198 0.8505
194 199 1.05078
194 232 1.10413
194 237 0.808567
197 200 0.890743
197 229 0.79146
197 230 0.885816
197 232 1.09174
197 237 1.00358
197 243 1.0092
197 250 1.18632
198 201 0.718867
198 227 0.841742
198 228 0.756997
198 229 0.52494
198 230 0.77468
198 232 1.12828
198 246 0.952792
198 250 0.962099
199 229 0.603535
199 230 0.855395
199 232 1.07863
199 237 1.20924
199 239 1.14935
199 243 0.810669
199 244 0.988861
199 246 0.595392
199 247 0.727081
199 249 0.898057
199 250 0.743405
199 251 1.06752
199 253 1.18266
200 227 0.878591
200 229 0.590812
200 246 0.76711
200 249 0.870504
200 250 0.727073
201 226 0.690711
201 227 0.600234
201 228 0.427984
201 229 0.538968
201 231 1.11807
201 249 1.00582
201 250 0.791231
201 253 0.92355
201 254 0.984624
201 257 1.19779
201 276 1.16845
201 277 1.03252
201 278 0.799182
202 224 1.01569
202 225 0.813686
202 226 0.556217
202 227 0.525304
202 228 0.616501
202 278 0.980917
203 223 1.01962
203 224 0.691905
203 225 0.603885
203 226 0.469094
203 227 0.680724
203 228 0.819806
203 277 1.12419
203 278 0.907814
203 281 0.908555
203 282 1.03609
204 223 0.817595
204 224 0.593379
204 225 0.517411
204 226 0.624721
204 227 0.841573
204 281 1.13708
205 221 1.01324
205 222 0.680369
205 223 0.558239
205 224 0.459029
205 226 0.830865
206 220 1.03933
206 221 0.810682
206 222 0.600131
206 223 0.492648
206 224 0.642249
206 225 0.8251
207 219 1.06699
207 220 0.716555
207 221 0.576514
207 222 0.456755
207 223 0.592444
207 224 0.832087
208 219 0.842598
208 220 0.577907
208 221 0.528059
208 222 0.65144
208 223 0.751498
209 218 0.736791
209 219 0.585223
209 220 0.436757
209 221 0.639727
209 222 0.879268
210 217 0.847607
210 218 0.572527
210 219 0.547663
210 220 0.636884
211 216 0.654365
211 217 0.552611
211 218 0.409529
211 219 0.627848
212 215 0.536467
212 216 0.548705
212 217 0.579069
212 218 0.671949
212 219 0.894139
213 216 0.492822
213 217 0.736387
213 218 0.873843
220 289 1.17059
222 280 1.45227
222 281 1.11018
222 283 1.24595
222 284 0.973773
222 285 0.990048
222 290 0.826071
223 291 0.963914
224 278 1.17421
224 280 1.29465
224 281 0.923305
224 282 0.885782
224 284 1.03695
224 285 0.85291
224 290 0.953859
226 278 0.952048
226 281 1.01399
226 282 0.955436
226 285 1.08934
227 278 1.13581
228 250 0.868396
228 253 0.976383
228 254 0.865713
228 257 1.06175
228 278 0.921454
228 282 1.17544
228 294 1.08886
228 314 1.45121
229 232 0.903178
229 250 0.638126
229 253 0.937017
229 254 0.831647
229 257 1.1767
230 237 1.10784
230 247 0.884655
230 250 0.71541
230 251 0.761529
230 254 0.792574
231 250 0.604187
231 251 0.465448
231 254 0.664105
231 255 0.825427
231 307 0.90252
231 310 1.08318
231 311 0.990255
232 236 0.755135
232 237 0.69883
232 239 0.932044
232 243 1.0868
232 244 0.981841
232 247 0.692145
232 250 0.836265
232 251 0.687452
232 254 1.02716
232 304 1.02476
232 307 0.856304
233 236 0.55719
233 237 0.654838
233 304 0.986104
233 306 1.07083
233 307 0.871546
233 310 1.26491
234 237 0.531495
234 238 0.545444
234 239 0.565315
234 240 0.807488
234 243 0.952459
234 244 0.773191
234 247 0.826609
234 248 0.978835
234 251 1.07427
235 238 0.561849
235 303 1.15529
235 307 1.25547
236 303 0.908709
236 304 0.906749
236 306 1.23021
236 307 1.11256
237 243 0.8854
237 244 0.923255
237 247 0.945877
237 304 1.15503
238 243 0.861169
239 243 0.49827
239 244 0.506268
239 246 0.898308
239 247 0.773965
240 243 0.557299
240 244 0.490333
241 244 0.550089
241 245 0.662476
241 248 1.1058
242 245 0.499314
242 246 0.62361
242 247 0.849914
243 246 0.51897
243 247 0.616773
243 250 1.07379
244 247 0.469993
244 248 0.612357
244 251 1.02751
245 248 0.529072
245 249 0.670473
246 249 0.54981
246 250 0.644113
247 250 0.517036
247 251 0.608188
247 252 0.822176
248 251 0.534217
248 252 0.582725
249 252 0.493025
249 253 0.606489
250 253 0.51004
250 254 0.602602
251 254 0.522075
251 255 0.591996
251 256 0.843926
252 255 0.543163
252 256 0.645906
252 275 0.949872
252 276 0.820015
252 279 1.13059
253 256 0.509683
253 257 0.624325
253 275 0.799591
253 276 0.564197
253 278 0.676741
253 279 0.781211
253 282 1.17496
254 257 0.467321
254 258 0.595797
254 276 0.851513
254 278 0.841901
254 279 0.872634
254 282 1.19004
254 314 1.08257
255 258 0.493998
255 259 0.615212
255 275 0.973674
256 259 0.497037
256 260 0.620919
256 272 0.800532
256 273 0.808708
256 275 0.624504
256 276 0.630261
256 278 0.861747
256 279 0.707629
256 286 1.24229
257 260 0.518969
257 261 0.613518
257 262 0.841195
257 273 0.793426
257 276 0.759903
257 278 0.747029
257 279 0.57296
257 282 0.877953
257 285 1.13681
257 286 0.937907
257 294 1.19741
257 314 0.992674
258 261 0.49609
258 262 0.58295
258 314 0.703168
259 262 0.472284
259 263 0.5912
259 268 1.01764
259 270 1.11231
259 271 0.810424
259 272 0.74247
259 275 0.926734
259 279 0.958478
260 263 0.520025
260 264 0.624583
260 265 0.864288
260 268 0.939094
260 271 0.570364
260 272 0.560022
260 273 0.59751
260 275 0.865319
260 276 0.973453
260 279 0.726756
260 282 0.971933
260 283 0.912991
260 286 0.800732
261 264 0.540113
261 265 0.631893
261 279 0.945191
261 282 1.05355
261 286 0.723379
261 292 1.22762
261 294 1.10181
261 313 1.10804
261 314 0.780514
261 315 0.904078
261 316 1.02866
262 265 0.51783
262 266 0.627482
262 267 0.835218
262 268 0.842263
262 313 1.03281
262 314 0.801205
263 266 0.533405
263 267 0.565221
263 268 0.486622
263 270 0.793727
263 271 0.549641
263 272 0.773188
264 267 0.500329
264 268 0.640121
264 271 0.646049
264 273 1.01697
264 283 1.12985
264 286 0.825098
264 287 0.772976
265 313 1.18243
265 314 1.02668
265 316 0.95301
268 271 0.622852
268 272 0.932591
270 273 0.87302
270 274 0.985528
270 275 1.15064
271 274 0.834679
271 286 1.01595
271 287 0.942364
272 275 0.591122
272 276 0.870988
272 279 0.805185
273 276 0.694771
273 279 0.484386
273 280 0.514316
273 282 0.76646
273 283 0.590283
273 286 0.87938
273 287 0.956947
274 277 0.736334
274 280 0.5677
274 283 0.863349
275 279 0.667118
276 279 0.508156
276 280 0.62081
276 282 0.958701
277 280 0.4904
277 281 0.616225
278 281 0.52344
278 282 0.611237
278 286 1.10355
279 282 0.480231
279 283 0.594446
279 286 0.831315
279 287 1.07855
280 283 0.503258
280 285 0.932824
281 284 0.751141
281 285 0.786544
282 285 0.459864
282 286 0.589662
282 292 0.96622
283 286 0.555261
283 287 0.635072
283 288 0.656693
284 287 0.566623
284 288 0.377484
284 289 0.567017
284 290 0.604687
284 292 0.914555
285 288 0.571351
285 290 0.537419
285 292 0.586026
285 294 0.997238
286 292 0.713901
286 294 0.980486
286 314 1.33097
287 290 0.798024
288 292 0.931728
294 311 1.14334
294 314 1.03197
294 315 0.798386
295 314 1.10725
296 308 0.980169
296 311 0.692678
296 312 0.738371
296 314 0.849693
296 315 0.672086
296 316 1.01876
297 307 1.14098
297 308 0.875172
297 311 0.791082
298 307 0.925462
298 308 0.605525
298 311 0.744144
298 312 0.817853
299 304 0.694434
299 305 0.820784
299 307 0.948251
299 308 0.673954
299 311 1.01508
299 312 1.10106
300 305 0.781098
301 304 0.598973
301 305 0.70501
301 308 0.92028
302 305 0.511667
302 306 0.870257
302 307 1.02385
302 308 0.921528
303 306 0.821594
303 307 0.910941
304 307 0.565121
304 308 0.58652
305 308 0.505969
305 309 0.610353
306 309 0.519158
306 310 0.645143
306 313 1.09343
307 310 0.503624
307 311 0.64159
308 311 0.513031
308 312 0.643953
309 312 0.524325
309 313 0.64749
309 316 1.07044
310 313 0.51694
310 314 0.624591
311 314 0.502113
311 315 0.643731
312 315 0.508216
312 316 0.631812
313 316 0.490441
