1 73 1.12755
1 287 1.16882
1 288 1.04349
1 289 0.913286
1 291 1.07797
2 287 0.980193
2 291 0.973814
3 6 0.863915
3 73 1.17167
3 286 1.12125
3 288 1.02998
3 290 0.92054
3 291 0.729343
3 292 0.901497
4 7 0.875793
4 45 0.987617
4 65 1.31523
4 285 1.12714
4 290 1.03647
4 291 0.805692
4 292 0.805548
4 293 0.890368
5 45 0.917937
5 78 1.12563
5 261 1.03142
5 264 1.11457
5 285 0.896363
5 286 0.772567
5 290 0.932945
5 292 0.529887
5 293 0.569091
5 294 0.711489
5 315 0.970868
6 45 0.601336
6 46 0.840033
6 60 1.17231
6 61 0.907106
6 64 1.16289
6 65 1.06007
6 68 1.35579
6 291 0.818265
6 292 0.643255
6 293 0.451257
6 294 0.618821
6 295 0.836032
6 296 1.03533
7 32 1.22471
7 43 0.948471
7 44 0.605383
7 45 0.561232
7 46 0.734537
7 47 0.897066
7 261 1.17803
7 292 0.858493
7 294 0.478888
7 296 0.69363
7 311 1.1278
7 312 0.984166
7 314 0.961388
7 315 0.607725
7 316 0.788883
8 44 0.626355
8 45 0.549123
8 46 0.49408
8 47 0.579719
8 48 0.766966
8 57 0.999277
8 60 0.987908
8 61 0.754154
8 64 1.36201
8 65 1.32972
8 77 1.053
8 293 0.711239
8 294 0.610572
8 295 0.48478
8 296 0.605887
8 297 0.857224
8 312 1.00936
8 315 0.807164
9 29 1.10809
9 33 0.924304
9 34 0.924063
9 35 0.848749
9 37 1.28035
9 42 0.986089
9 44 0.718439
9 46 0.641281
9 47 0.464095
9 48 0.58834
9 57 1.03704
9 296 0.483275
9 298 0.730912
9 308 1.12083
9 311 0.963355
9 312 0.812721
9 315 0.822026
10 13 1.00366
10 48 0.471201
10 49 0.635948
10 50 0.73725
10 52 0.849745
10 53 1.0593
10 54 1.09582
10 57 0.867494
10 85 0.876601
10 86 0.802492
10 89 1.11071
10 90 0.885187
10 102 1.30991
10 103 1.29662
10 295 0.689325
10 296 0.625332
10 297 0.488695
10 298 0.596521
10 312 1.05258
11 25 1.06508
11 26 1.04694
11 27 0.819999
11 29 1.04849
11 35 0.99259
11 36 1.21961
11 37 1.19055
11 42 1.3189
11 44 1.31524
11 47 0.820579
11 48 0.636857
11 49 0.555815
11 50 0.520247
11 52 0.875573
11 57 1.12794
11 296 0.866037
11 298 0.475018
11 299 0.573115
11 300 0.661524
11 301 1.01574
11 308 1.01061
11 312 1.10865
12 15 0.822458
12 18 1.18192
12 25 1.07513
12 27 1.03808
12 29 1.33632
12 50 0.47429
12 52 0.833023
12 82 1.25823
12 83 1.2303
12 84 0.933634
12 85 0.68512
12 86 0.633304
12 89 0.956875
12 90 0.958823
12 193 1.432
12 297 0.779405
12 298 0.673431
12 299 0.600654
12 300 0.715203
12 301 0.975107
12 304 1.28395
13 18 0.9622
13 25 0.876714
13 50 0.525983
13 52 0.974233
13 89 1.20433
13 298 0.95603
13 299 0.731943
13 300 0.692668
13 301 0.860762
14 18 0.591523
14 19 0.601509
14 20 0.951294
14 21 1.03247
14 23 0.807676
14 24 0.867791
14 25 0.745073
14 26 1.01214
14 27 1.09137
14 50 0.878879
14 299 0.711305
14 300 0.631134
14 301 0.610012
14 302 0.982874
15 18 0.53129
15 19 0.621806
15 20 0.851725
15 21 0.996339
15 23 0.989106
15 84 0.884717
15 192 1.24418
15 193 1.00557
15 194 0.996259
15 299 0.887755
16 19 0.528495
16 20 0.585336
17 20 0.528967
17 21 0.608126
17 23 0.914331
17 84 1.07805
17 191 1.20234
17 192 0.89892
17 193 0.818844
17 195 1.07982
17 303 1.06667
18 21 0.505388
18 22 0.63601
18 23 0.571219
18 24 0.876828
18 82 1.47791
18 83 1.31299
18 84 1.08105
18 193 0.949771
18 299 0.970188
18 300 0.940171
18 301 0.643597
18 303 0.796462
18 304 0.985392
18 308 1.43868
19 22 0.491879
19 23 0.57711
19 301 0.817244
21 84 1.53594
21 192 1.2899
21 193 1.24632
21 236 1.30824
21 301 0.958813
21 303 0.920637
21 304 1.2372
22 302 0.916127
23 26 0.893161
23 300 0.871535
23 301 0.534522
23 302 0.553914
23 303 0.670187
23 304 0.959002
24 300 0.759722
24 301 0.564275
24 302 0.541513
24 305 1.01668
25 28 0.868616
25 29 1.1737
25 48 1.50509
25 49 1.18696
25 50 1.05232
25 300 0.525001
26 35 1.04746
26 36 0.89613
26 37 0.641067
26 38 0.745191
26 299 0.872708
26 300 0.523814
26 301 0.6376
26 302 0.617401
26 304 0.977364
26 305 0.791395
26 308 1.00929
26 309 1.08014
26 312 1.3297
27 35 0.708453
27 36 0.653571
27 37 0.563326
27 50 0.933411
27 299 0.874338
27 300 0.579567
27 308 1.03912
27 312 1.18096
28 34 0.900902
28 35 0.606177
28 36 0.505779
28 37 0.626167
28 38 0.857703
28 39 0.850684
28 47 1.0972
29 32 0.802476
29 34 0.63304
29 35 0.461757
29 36 0.568214
29 37 0.843755
29 47 0.824845
29 48 0.920941
29 49 0.759584
29 50 1.04977
29 300 1.16272
29 312 1.33598
30 33 0.703465
30 34 0.512541
30 36 0.685735
30 39 1.11177
30 41 0.856889
30 47 0.917909
31 34 0.612042
31 47 0.812057
31 49 1.01538
32 35 0.838352
32 42 1.15746
32 44 0.841601
32 45 0.773981
32 46 0.525077
32 47 0.528921
32 49 0.903179
32 60 1.10007
33 42 0.865169
33 43 0.585407
33 44 0.524992
33 45 0.561945
33 46 0.511943
33 47 0.593449
34 41 0.642257
34 42 0.572407
34 43 0.448233
34 44 0.599251
34 47 0.674063
34 49 1.07308
35 40 0.825437
35 41 0.574919
35 42 0.528111
35 44 0.79913
35 46 0.954028
35 47 0.704848
35 48 0.931787
35 296 1.2121
35 298 1.10108
35 308 1.1858
35 312 0.908841
35 316 1.12639
36 39 0.579331
36 40 0.520574
36 41 0.423798
36 42 0.604086
37 40 0.525537
37 42 0.763022
37 44 1.3323
37 298 1.14127
37 299 1.14726
37 300 0.941876
37 301 1.14964
37 305 0.887878
37 308 0.937665
37 309 0.781604
37 312 0.956674
38 42 1.0394
38 305 0.939769
38 309 0.945427
40 43 0.985769
40 309 0.977811
40 313 1.13026
40 316 1.26716
41 312 0.977078
41 313 1.04889
41 316 1.0452
42 47 1.00505
42 296 1.19899
42 308 1.1377
42 309 0.905549
42 312 0.66303
42 313 0.755928
42 316 0.699922
43 312 0.872769
43 315 0.871611
43 316 0.668453
44 47 0.689245
44 296 0.996926
44 298 1.33047
44 311 1.21548
44 312 0.900643
44 315 0.746317
44 316 0.673028
45 293 0.959761
45 315 0.980726
46 49 0.98637
46 52 1.22278
46 56 1.20509
46 60 0.846694
46 61 0.819903
47 52 1.0009
47 296 0.945828
47 312 1.12013
48 52 0.634059
48 53 0.935113
48 56 0.881908
48 57 0.766701
48 60 0.947919
48 61 0.960101
48 90 1.16377
48 103 1.42962
48 293 1.38941
48 295 0.989644
48 298 1.00829
49 52 0.603269
49 57 1.02759
50 298 0.980152
50 300 0.87609
51 56 0.951002
52 56 0.575265
52 57 0.674807
52 60 1.06467
53 56 0.492124
53 57 0.632922
53 90 0.96425
53 99 0.803601
53 106 1.28674
54 57 0.522958
54 58 0.638769
54 62 1.07425
54 89 0.858459
54 90 0.707354
54 92 1.00477
54 93 0.817977
54 94 0.987174
54 99 0.65488
54 100 0.623337
54 101 0.670573
54 102 0.579894
54 103 0.768634
54 106 0.930966
55 58 0.493222
55 59 0.641875
55 60 0.885891
55 98 0.898049
55 99 0.680089
55 106 0.851223
56 59 0.566087
56 60 0.650974
56 61 0.833855
57 60 0.577673
57 61 0.565896
57 62 0.705448
57 77 1.23584
57 89 1.11759
57 90 0.80876
57 101 1.07998
57 103 0.769782
57 106 1.01566
57 295 1.00298
58 61 0.557028
58 62 0.486276
58 63 0.612844
58 64 0.949661
58 65 1.04111
58 66 1.05613
58 77 1.15978
58 90 0.93793
58 102 0.764082
58 103 0.606028
58 106 0.707718
58 107 0.806059
58 109 1.13063
58 110 0.997329
58 111 1.27437
59 63 0.497025
59 64 0.796689
59 106 0.961757
59 110 1.02765
60 63 0.635932
60 64 0.78585
60 65 1.00439
60 293 1.14456
61 64 0.736973
61 65 0.800493
61 77 0.925554
61 90 1.1004
61 103 0.891992
61 293 0.782451
61 294 0.952564
61 295 0.848665
62 65 0.58088
62 66 0.700882
62 77 0.806759
62 103 0.690417
62 107 0.711504
62 223 1.18092
62 225 1.07721
62 293 0.842121
62 295 1.01187
63 66 0.55527
63 67 0.740141
63 106 0.914336
63 107 0.769653
63 110 0.78968
63 113 1.18295
63 114 1.10316
64 67 0.546617
64 68 0.655498
64 71 1.08796
64 291 1.01359
64 293 1.0576
65 68 0.494774
65 69 0.601981
65 73 0.912146
65 74 0.906199
65 75 0.650555
65 76 0.848885
65 77 0.873883
65 107 0.902965
65 111 1.01602
65 223 0.940924
65 224 1.11628
65 225 1.16162
65 291 0.720125
65 293 0.846452
66 69 0.540485
66 70 0.632976
66 77 1.07224
66 106 1.02362
66 107 0.697681
66 110 0.721394
66 111 0.641664
66 114 0.85909
66 223 0.90922
67 70 0.532373
67 71 0.622137
67 73 0.932537
67 110 0.932149
67 114 0.827049
67 118 1.19308
68 71 0.482356
68 72 0.677481
68 73 0.588331
68 74 0.778002
68 75 0.746691
68 220 1.15571
68 221 0.92187
68 291 0.774602
69 72 0.521991
69 73 0.474685
69 74 0.532768
69 75 0.546891
69 107 1.07134
69 111 0.917145
69 124 1.28902
69 206 1.01979
69 207 0.969359
69 208 0.838676
69 210 1.11286
69 219 0.99578
69 220 0.85626
69 221 0.571317
69 222 0.754705
69 223 0.68605
69 291 0.80412
70 110 1.08902
70 111 0.794202
70 114 0.885851
70 115 0.952798
70 118 1.10978
70 122 1.13999
70 124 1.00595
70 126 1.11614
70 208 0.769998
70 209 0.859942
70 210 0.840472
70 219 0.840659
70 220 0.810455
70 221 0.677032
70 223 0.945823
71 114 1.1558
71 219 0.797533
71 291 1.12081
72 208 0.86553
72 210 0.872691
72 219 0.546876
72 220 0.546979
72 221 0.49724
72 222 0.852751
72 289 0.987321
73 208 1.0437
73 220 0.774796
73 221 0.563653
73 222 0.778251
73 223 0.887482
73 288 1.02734
73 289 0.670073
73 290 0.587307
73 291 0.703604
74 154 1.43535
74 158 1.19011
74 207 0.909305
74 220 0.812553
74 221 0.484468
74 222 0.491932
74 224 0.814138
74 284 0.828272
74 285 0.805893
74 289 0.610812
74 290 0.409959
74 291 0.619817
74 292 0.82954
75 222 0.640142
75 223 0.482121
75 224 0.627287
75 225 0.849844
75 285 0.750784
75 290 0.496719
75 291 0.484593
76 222 0.813387
76 223 0.590357
76 224 0.477356
76 226 0.787086
76 278 1.27146
76 281 1.05676
76 282 0.832856
76 284 0.888515
76 285 0.590657
76 286 0.885998
76 290 0.649564
76 291 0.620295
76 292 0.44872
76 293 0.626455
76 294 0.804915
77 90 1.09942
77 91 0.898306
77 103 0.892859
77 104 0.91937
77 107 1.01692
77 223 0.799926
77 224 0.619859
77 225 0.502842
77 226 0.64359
77 282 1.03195
77 291 0.848381
77 293 0.512396
77 295 0.745245
78 91 0.810087
78 103 0.999567
78 224 0.788496
78 226 0.461515
78 228 0.69222
78 254 1.22964
78 257 1.16679
78 261 1.31871
78 278 1.12263
78 282 0.974795
78 285 0.963146
78 286 1.08731
78 292 0.81336
78 293 0.688658
78 294 0.528247
78 295 0.610156
78 296 0.843616
78 297 1.01525
78 314 1.35173
79 86 0.862061
79 87 0.545535
79 90 0.7816
79 91 0.744132
79 103 1.0394
79 226 0.67585
79 227 0.562179
79 228 0.600051
79 229 0.861123
79 254 1.15444
79 294 0.593497
79 295 0.461227
79 297 0.658736
80 85 0.897003
80 87 0.693064
80 228 0.612978
80 229 0.74671
80 230 0.672306
80 231 0.901081
80 251 1.17968
80 254 0.866481
80 255 1.1541
80 257 0.976757
80 258 1.00866
80 261 1.18591
80 294 0.710111
80 295 0.625292
80 296 0.494463
80 297 0.60385
80 298 0.886513
80 307 1.20809
80 310 1.13369
80 311 0.778318
80 314 0.915312
81 85 0.632358
81 87 0.731845
81 228 0.830112
81 229 0.778055
81 230 0.51893
81 254 0.948788
81 297 0.502504
81 298 0.628206
81 308 0.76973
81 311 0.581784
82 85 0.606212
82 87 0.898602
82 193 0.991288
82 230 0.375076
82 231 0.495633
82 232 0.584944
82 233 0.885611
82 236 1.09857
82 237 1.07534
82 297 0.781767
82 298 0.761096
82 299 0.864865
82 301 1.24782
82 304 0.878402
82 307 0.702478
82 308 0.744853
82 310 0.942527
82 311 0.752328
83 87 0.838337
83 191 0.944954
83 192 0.998408
83 193 0.663067
83 194 0.691004
83 196 0.996314
83 197 0.700339
83 198 0.7902
83 199 0.95498
83 228 0.982106
83 229 0.684907
83 230 0.43396
83 231 0.656043
83 232 0.614044
83 233 0.920976
83 236 0.975
83 237 0.846569
83 250 1.05231
83 299 0.93126
83 301 1.2645
83 304 0.990487
83 307 1.00611
84 87 0.736775
84 88 0.840202
84 89 0.909161
84 193 0.626471
84 194 0.547402
84 197 0.701511
84 198 0.884419
84 298 0.865507
84 299 0.778296
84 304 1.04283
85 193 0.947444
85 295 1.11716
85 297 0.549175
85 298 0.495908
85 299 0.50462
85 300 0.875593
85 304 0.94981
85 308 0.892435
85 311 1.03714
86 89 0.527487
86 90 0.594943
86 91 0.870334
86 194 1.00813
86 295 1.00793
86 297 0.587909
87 90 0.491819
87 91 0.614553
87 92 0.821728
87 103 1.02752
87 194 1.15692
87 197 1.00434
87 198 0.907543
87 226 0.958504
87 227 0.635296
87 228 0.735724
87 229 0.802834
87 230 0.83931
87 231 1.21093
87 232 1.37583
87 254 1.41068
87 295 0.820481
87 297 0.607089
88 91 0.509484
88 92 0.531641
88 93 0.6106
88 102 0.832294
88 103 0.965534
88 104 1.00413
88 186 1.17963
88 188 1.1047
88 194 1.09265
88 196 0.891247
88 198 0.757376
88 202 0.961603
88 227 0.603087
88 228 0.810934
88 229 0.865011
89 92 0.55095
89 93 0.394597
89 94 0.73088
89 100 0.847475
89 102 0.65502
89 105 1.19864
89 194 1.17475
90 100 0.941525
90 102 0.524801
90 103 0.633242
90 105 1.08715
90 295 0.889587
90 296 1.0409
90 297 0.858988
91 95 0.95226
91 102 0.49169
91 103 0.473905
91 104 0.546499
91 105 0.839446
91 106 0.919802
91 107 0.981466
91 130 1.35782
91 179 1.14373
91 202 1.00876
91 204 1.03141
91 224 1.14812
91 225 0.775762
91 226 0.78613
91 227 0.604954
91 228 0.953208
91 293 1.25796
91 295 0.963195
91 297 1.08489
92 95 0.626739
92 100 0.904199
92 101 0.641713
92 102 0.478412
92 104 0.589527
92 105 0.733284
92 106 0.928633
92 130 1.27583
92 141 1.4632
92 179 0.895534
92 182 1.12281
92 183 0.841114
92 186 1.18511
92 188 1.32995
92 196 1.19769
92 198 1.13805
92 202 1.02708
92 227 0.782088
93 96 0.88737
93 100 0.595542
93 101 0.476754
93 102 0.465554
93 183 1.06059
94 97 0.582718
94 100 0.499139
94 101 0.464044
94 183 1.08187
94 196 1.22505
95 98 0.768801
95 100 0.677981
95 101 0.426917
95 102 0.67209
95 104 0.865763
95 105 0.673917
95 130 1.53286
95 175 1.15072
95 176 0.798409
95 179 0.856367
95 180 0.769667
95 183 0.969492
95 184 1.15279
96 105 0.891092
96 173 1.05385
96 176 0.849824
96 177 1.02887
96 179 1.06266
96 180 0.900918
96 183 1.22943
97 100 0.492492
97 101 0.551934
97 106 1.10179
98 101 0.5914
98 106 0.918013
98 109 1.12653
99 106 1.0151
101 105 0.685725
101 106 0.713138
101 109 1.12265
101 176 1.08878
102 105 0.635579
102 106 0.619197
102 176 1.19323
103 106 0.499414
103 107 0.576546
103 206 1.32704
103 225 0.852062
103 293 1.20596
103 295 1.08634
103 297 1.35544
104 107 0.523645
104 108 0.636601
104 111 1.08047
104 130 1.15574
104 175 1.02749
104 176 0.939439
104 179 0.854874
104 186 1.49245
104 202 1.1377
104 204 0.82228
104 206 1.01583
104 223 1.03512
104 225 0.670004
104 227 0.924244
105 108 0.481756
105 109 0.623126
105 130 1.30123
105 172 0.858702
105 175 0.816187
105 176 0.659748
105 179 0.78206
106 109 0.524608
106 110 0.630282
106 111 0.863179
106 113 1.03653
106 176 0.990653
107 110 0.535862
107 111 0.614024
107 204 1.13869
107 206 1.0053
107 223 0.962126
107 225 0.928979
108 111 0.529155
108 112 0.656535
108 115 1.08061
108 126 1.03431
108 128 1.03488
108 171 0.985854
108 172 0.646259
108 175 0.732772
108 176 0.802736
108 179 0.99287
108 204 1.09228
108 206 0.875212
108 223 1.01937
108 225 1.06211
109 112 0.517335
109 113 0.595847
109 116 1.02647
109 172 0.613078
109 173 0.864335
109 176 0.904034
110 113 0.476161
110 114 0.591582
110 117 1.009
111 114 0.516965
111 115 0.636661
111 118 1.06654
111 124 1.05469
111 126 0.984601
111 175 1.11312
111 206 1.02386
111 208 0.933697
111 221 1.17942
111 223 1.06094
111 225 1.35256
112 115 0.466644
112 116 0.606677
112 124 0.97963
112 126 0.983392
112 128 1.34627
112 169 1.10312
112 170 0.989249
112 171 0.800393
112 172 0.653053
112 175 1.02286
112 176 1.1871
112 206 1.21502
113 116 0.498973
113 117 0.615806
113 172 0.921379
114 117 0.490832
114 118 0.630888
114 124 1.10503
115 118 0.506973
115 119 0.816273
115 122 0.846171
115 124 0.788602
115 126 1.08333
115 170 1.16105
115 208 1.11448
115 209 1.17681
116 170 1.25021
116 171 1.09932
116 172 1.11021
116 173 1.38756
118 121 0.827839
118 122 0.708519
118 124 1.0219
118 210 1.14383
118 212 1.043
119 122 0.609826
119 124 1.1072
119 212 0.911197
120 123 0.768537
120 213 0.91432
121 211 0.835301
121 212 0.549534
121 213 0.544876
121 214 0.60434
121 215 0.85288
122 209 1.00788
122 210 0.660742
122 211 0.573306
122 212 0.416204
122 217 0.972511
122 219 1.07426
123 208 1.04966
123 209 0.824432
123 210 0.549867
123 211 0.548162
123 213 0.706895
124 169 1.03209
124 170 0.970622
124 208 0.706313
124 209 0.566507
124 210 0.431556
124 211 0.668135
125 168 0.74199
125 206 1.03314
125 207 0.838456
125 208 0.608669
125 209 0.507829
125 211 0.868949
125 218 1.0795
125 219 1.05417
126 167 0.855278
126 168 0.608213
126 169 0.597163
126 170 0.774835
126 171 0.965565
126 175 0.957335
126 204 1.28018
126 205 1.02628
126 206 0.680019
126 207 0.587518
126 208 0.446116
126 209 0.610017
126 210 0.827648
127 166 0.583881
127 167 0.534376
127 168 0.421945
127 169 0.57467
127 205 0.838453
127 206 0.593988
127 207 0.544836
127 208 0.646539
127 209 0.835093
128 142 0.974141
128 165 0.781962
128 166 0.5429
128 167 0.526369
128 169 0.711844
128 174 1.0435
128 175 0.772695
128 178 0.805254
128 179 0.924559
128 204 0.725537
128 205 0.568706
128 206 0.453747
128 207 0.619136
129 140 0.819064
129 142 0.725566
129 149 1.19433
129 161 0.943047
129 164 0.662931
129 165 0.547783
129 166 0.499113
129 178 0.831678
129 203 0.799152
129 204 0.582496
129 205 0.530774
129 206 0.668189
129 207 0.842409
130 139 0.914249
130 140 0.648085
130 141 0.534182
130 142 0.609292
130 149 1.15182
130 164 0.793835
130 165 0.722362
130 178 0.795098
130 179 0.764598
130 181 0.948268
130 182 0.624965
130 183 0.862919
130 186 0.946468
130 202 0.744938
130 203 0.578789
130 204 0.450495
130 225 0.963905
130 226 0.988575
130 227 1.12855
131 138 0.655396
131 139 0.570317
131 140 0.432419
131 141 0.465896
131 146 0.961427
131 149 0.872721
131 150 1.14194
131 161 0.942608
131 163 1.04834
131 164 0.760703
131 165 0.835484
131 186 0.821873
131 200 0.967552
131 201 0.857884
131 202 0.604011
131 203 0.529752
131 205 0.852142
131 224 1.12929
131 281 1.15588
132 136 0.918461
132 137 0.799362
132 138 0.548514
132 139 0.523222
132 140 0.644567
132 141 0.660318
132 147 0.94012
132 149 0.96024
132 182 0.931195
132 185 0.955999
132 186 0.690128
132 187 0.811214
132 199 0.937248
132 200 0.592997
132 201 0.547964
132 202 0.440615
132 203 0.584381
133 136 0.560511
133 137 0.545588
133 138 0.455555
133 148 0.85924
133 161 1.18652
133 187 0.942779
133 199 0.872226
133 200 0.529024
133 201 0.511662
133 203 0.793647
133 226 1.05692
133 229 0.97039
133 246 1.03288
133 249 0.908475
133 250 0.899772
133 253 0.952851
133 276 1.01619
133 277 0.800241
133 278 0.768116
133 281 1.07959
134 137 0.549606
134 139 0.680888
134 147 0.917332
134 187 0.751522
134 188 1.0217
134 189 1.2239
134 199 0.68922
134 200 0.47138
134 201 0.700929
134 242 1.16262
134 245 1.00017
134 246 0.736944
134 249 0.770682
134 250 0.844675
135 139 0.942861
135 199 0.867763
135 242 0.995169
135 245 0.734072
135 246 0.6059
135 249 0.570673
135 250 0.812368
135 253 1.01016
136 148 0.872207
136 149 1.05089
136 200 0.872344
136 201 0.951274
136 248 0.974307
136 249 0.612154
136 250 0.830867
136 252 0.922677
136 253 0.814227
136 275 1.12494
136 276 0.823886
136 277 0.753651
136 278 0.900823
137 147 0.70472
137 148 0.492028
137 277 0.839973
138 146 0.82608
138 147 0.638776
138 148 0.437193
138 149 0.494342
138 150 0.752115
138 151 0.936758
138 160 1.22702
138 161 0.920996
138 162 1.03833
138 203 0.952026
138 277 0.833555
138 280 1.22414
138 281 1.09666
139 143 0.844919
139 144 0.783652
139 146 0.594267
139 147 0.422491
139 148 0.504957
139 164 0.902797
139 182 1.07138
139 185 0.982546
139 186 0.886064
139 187 0.95798
139 200 0.958748
140 143 0.53932
140 144 0.65225
140 145 0.765973
140 146 0.548757
140 147 0.635053
140 148 0.739062
140 149 0.722667
140 161 1.03601
140 162 1.06394
140 163 0.856192
140 164 0.629093
140 165 0.687527
140 185 0.908232
141 144 0.663902
141 164 0.893733
141 165 0.807072
141 178 0.916748
141 181 0.778317
141 182 0.477361
141 183 0.75868
141 184 0.857021
141 185 0.585201
141 186 0.641862
141 200 1.12824
141 201 1.15087
141 202 0.882865
141 203 0.922611
142 165 0.619333
142 167 0.855964
142 169 1.30029
142 177 1.0272
142 178 0.698781
142 179 0.865257
142 181 0.663564
142 182 0.519067
142 185 0.76187
142 204 1.04217
143 146 0.639639
143 147 0.890789
143 149 1.13113
143 163 1.04672
143 165 0.652391
143 167 1.04244
143 185 0.888739
144 147 0.714275
144 181 1.09342
144 185 0.813484
145 148 0.929888
145 163 1.08357
146 149 0.679695
146 162 1.10438
146 163 0.791352
146 164 0.795066
146 165 0.90586
147 187 1.20012
148 151 1.0069
148 162 1.02084
148 163 0.882825
148 277 1.11835
149 161 0.696174
149 162 0.642261
149 163 0.572114
149 164 0.681203
149 277 1.01889
149 281 1.17743
150 160 0.852822
150 161 0.595493
150 162 0.533071
150 164 0.866003
150 277 0.9181
150 281 1.05291
151 157 1.10041
151 159 0.64329
151 160 0.587797
151 161 0.50395
151 274 1.06784
151 276 1.08926
151 277 0.765868
151 280 0.790234
151 281 0.77838
151 283 1.15401
152 157 0.831998
152 158 0.830285
152 159 0.552979
152 160 0.542395
152 162 0.594529
152 280 0.988928
152 281 0.97099
153 157 0.451656
153 158 0.522282
153 159 0.414108
153 160 0.599694
153 274 1.21413
153 280 0.993019
153 283 1.08854
154 157 0.434288
154 158 0.492395
154 159 0.571906
154 160 0.661411
154 222 1.2482
154 284 1.14236
154 289 1.32317
155 160 1.02153
155 209 1.5944
156 283 1.2854
156 289 1.15621
157 274 1.32291
157 280 1.16032
157 283 1.07107
158 222 1.13588
158 224 1.40632
158 280 0.923409
158 281 0.899833
158 283 0.762263
158 284 0.690148
158 288 0.871776
158 289 0.951042
159 205 1.30329
159 222 1.13269
159 224 1.27965
159 273 1.05205
159 274 1.05863
159 277 1.01162
159 280 0.682012
159 281 0.627621
159 283 0.728089
159 284 0.784322
160 164 0.996708
160 166 1.2209
160 205 1.01686
160 207 1.10236
160 222 0.966037
160 224 1.10787
160 280 0.85665
160 281 0.640491
161 164 0.652777
161 166 1.01042
161 203 1.03691
161 205 0.970157
161 224 1.1789
161 277 0.999293
161 281 0.760908
162 166 0.9757
163 166 0.875811
164 205 1.03846
165 178 1.03387
165 204 1.095
166 205 0.915271
166 207 0.904339
167 174 0.982628
167 175 0.893974
167 177 1.09765
167 178 0.806986
167 181 1.21109
167 182 1.16118
168 174 0.961137
168 207 0.96298
168 209 1.10674
169 174 0.630909
169 175 0.623083
169 178 0.882663
169 204 1.36379
169 206 0.994606
170 174 0.664628
170 175 0.788253
171 174 0.506819
171 175 0.650788
172 175 0.474347
172 176 0.612801
172 179 1.02594
173 176 0.487825
173 177 0.639829
174 177 0.490198
174 178 0.644838
174 204 1.44521
175 178 0.510389
175 179 0.619658
175 204 1.09485
175 205 1.14208
175 206 0.974232
176 179 0.501316
176 180 0.606619
176 204 1.19069
177 180 0.494387
177 181 0.608351
177 182 0.840841
177 183 0.964787
178 181 0.523302
178 182 0.595696
178 204 0.992305
179 182 0.51873
179 183 0.582514
179 204 0.829536
179 206 1.11326
179 225 1.15505
180 183 0.519283
180 184 0.63454
180 185 0.875108
181 184 0.549361
181 185 0.637351
182 185 0.512836
182 186 0.62543
182 202 0.937815
183 186 0.52062
183 188 0.957491
183 196 1.17693
183 202 0.874276
184 187 0.80356
184 188 0.88002
186 196 1.0844
186 197 1.08147
186 198 0.843676
186 199 0.871749
186 200 0.758676
186 201 0.924158
186 202 0.75663
186 227 1.11567
186 228 1.21026
186 229 1.19755
187 197 0.900041
187 199 0.618426
187 200 0.633118
187 246 1.01057
188 195 0.863696
188 196 0.590021
188 197 0.570198
188 198 0.535427
188 199 0.573095
188 200 0.762605
189 194 0.816312
189 195 0.660961
189 196 0.5715
189 197 0.543522
189 199 0.690948
189 242 0.996386
189 243 0.797875
189 246 0.99503
190 194 0.601369
190 195 0.392115
190 196 0.553708
190 199 0.971211
190 239 1.00309
190 243 0.905777
190 246 1.22448
191 194 0.514451
191 195 0.562937
191 197 0.651373
191 199 0.985946
191 232 1.07977
191 236 0.937634
191 237 0.587432
191 239 0.695478
191 243 0.767602
191 246 1.12238
192 235 1.00311
192 236 0.72027
192 237 0.493368
192 238 0.626673
192 239 0.800877
192 243 1.05918
192 303 1.31687
193 197 0.770169
193 199 1.21804
193 230 1.06497
193 231 1.17201
193 232 0.916913
193 233 1.01157
193 236 0.687434
193 237 0.523284
193 299 1.15382
193 303 1.10556
193 304 1.06211
193 307 1.34177
194 197 0.487164
194 198 0.8505
194 199 1.05078
194 232 1.10413
194 237 0.808567
197 200 0.890743
197 229 0.79146
197 230 0.885816
197 232 1.09174
197 237 1.00358
197 243 1.0092
197 250 1.18632
198 201 0.718867
198 227 0.841742
198 228 0.756997
198 229 0.52494
198 230 0.77468
198 232 1.12828
198 246 0.952792
198 250 0.962099
199 229 0.603535
199 230 0.855395
199 232 1.07863
199 237 1.20924
199 239 1.14935
199 243 0.810669
199 244 0.988861
199 246 0.595392
199 247 0.727081
199 249 0.898057
199 250 0.743405
199 251 1.06752
199 253 1.18266
200 227 0.878591
200 229 0.590812
200 246 0.76711
200 249 0.870504
200 250 0.727073
201 226 0.690711
201 227 0.600234
201 228 0.427984
201 229 0.538968
201 231 1.11807
201 249 1.00582
201 250 0.791231
201 253 0.92355
201 254 0.984624
201 257 1.19779
201 276 1.16845
201 277 1.03252
201 278 0.799182
202 224 1.01569
202 225 0.813686
202 226 0.556217
202 227 0.525304
202 228 0.616501
202 278 0.980917
203 223 1.01962
203 224 0.691905
203 225 0.603885
203 226 0.469094
203 227 0.680724
203 228 0.819806
203 277 1.12419
203 278 0.907814
203 281 0.908555
203 282 1.03609
204 223 0.817595
204 224 0.593379
204 225 0.517411
204 226 0.624721
204 227 0.841573
204 281 1.13708
205 221 1.01324
205 222 0.680369
205 223 0.558239
205 224 0.459029
205 226 0.830865
206 220 1.03933
206 221 0.810682
206 222 0.600131
206 223 0.492648
206 224 0.642249
206 225 0.8251
207 219 1.06699
207 220 0.716555
207 221 0.576514
207 222 0.456755
207 223 0.592444
207 224 0.832087
208 219 0.842598
208 220 0.577907
208 221 0.528059
208 222 0.65144
208 223 0.751498
209 218 0.736791
209 219 0.585223
209 220 0.436757
209 221 0.639727
209 222 0.879268
210 217 0.847607
210 218 0.572527
210 219 0.547663
210 220 0.636884
211 216 0.654365
211 217 0.552611
211 218 0.409529
211 219 0.627848
212 215 0.536467
212 216 0.548705
212 217 0.579069
212 218 0.671949
212 219 0.894139
213 216 0.492822
213 217 0.736387
213 218 0.873843
220 289 1.17059
222 280 1.45227
222 281 1.11018
222 283 1.24595
222 284 0.973773
222 285 0.990048
222 290 0.826071
223 291 0.963914
224 278 1.17421
224 280 1.29465
224 281 0.923305
224 282 0.885782
224 284 1.03695
224 285 0.85291
224 290 0.953859
226 278 0.952048
226 281 1.01399
226 282 0.955436
226 285 1.08934
227 278 1.13581
228 250 0.868396
228 253 0.976383
228 254 0.865713
228 257 1.06175
228 278 0.921454
228 282 1.17544
228 294 1.08886
228 314 1.45121
229 232 0.903178
229 250 0.638126
229 253 0.937017
229 254 0.831647
229 257 1.1767
230 237 1.10784
230 247 0.884655
230 250 0.71541
230 251 0.761529
230 254 0.792574
231 250 0.604187
231 251 0.465448
231 254 0.664105
231 255 0.825427
231 307 0.90252
231 310 1.08318
231 311 0.990255
232 236 0.755135
232 237 0.69883
232 239 0.932044
232 243 1.0868
232 244 0.981841
232 247 0.692145
232 250 0.836265
232 251 0.687452
232 254 1.02716
232 304 1.02476
232 307 0.856304
233 236 0.55719
233 237 0.654838
233 304 0.986104
233 306 1.07083
233 307 0.871546
233 310 1.26491
234 237 0.531495
234 238 0.545444
234 239 0.565315
234 240 0.807488
234 243 0.952459
234 244 0.773191
234 247 0.826609
234 248 0.978835
234 251 1.07427
235 238 0.561849
235 303 1.15529
235 307 1.25547
236 303 0.908709
236 304 0.906749
236 306 1.23021
236 307 1.11256
237 243 0.8854
237 244 0.923255
237 247 0.945877
237 304 1.15503
238 243 0.861169
239 243 0.49827
239 244 0.506268
239 246 0.898308
239 247 0.773965
240 243 0.557299
240 244 0.490333
241 244 0.550089
241 245 0.662476
241 248 1.1058
242 245 0.499314
242 246 0.62361
242 247 0.849914
243 246 0.51897
243 247 0.616773
243 250 1.07379
244 247 0.469993
244 248 0.612357
244 251 1.02751
245 248 0.529072
245 249 0.670473
246 249 0.54981
246 250 0.644113
247 250 0.517036
247 251 0.608188
247 252 0.822176
248 251 0.534217
248 252 0.582725
249 252 0.493025
249 253 0.606489
250 253 0.51004
250 254 0.602602
251 254 0.522075
251 255 0.591996
251 256 0.843926
252 255 0.543163
252 256 0.645906
252 275 0.949872
252 276 0.820015
252 279 1.13059
253 256 0.509683
253 257 0.624325
253 275 0.799591
253 276 0.564197
253 278 0.676741
253 279 0.781211
253 282 1.17496
254 257 0.467321
254 258 0.595797
254 276 0.851513
254 278 0.841901
254 279 0.872634
254 282 1.19004
254 314 1.08257
255 258 0.493998
255 259 0.615212
255 275 0.973674
256 259 0.497037
256 260 0.620919
256 272 0.800532
256 273 0.808708
256 275 0.624504
256 276 0.630261
256 278 0.861747
256 279 0.707629
256 286 1.24229
257 260 0.518969
257 261 0.613518
257 262 0.841195
257 273 0.793426
257 276 0.759903
257 278 0.747029
257 279 0.57296
257 282 0.877953
257 285 1.13681
257 286 0.937907
257 294 1.19741
257 314 0.992674
258 261 0.49609
258 262 0.58295
258 314 0.703168
259 262 0.472284
259 263 0.5912
259 268 1.01764
259 270 1.11231
259 271 0.810424
259 272 0.74247
259 275 0.926734
259 279 0.958478
260 263 0.520025
260 264 0.624583
260 265 0.864288
260 268 0.939094
260 271 0.570364
260 272 0.560022
260 273 0.59751
260 275 0.865319
260 276 0.973453
260 279 0.726756
260 282 0.971933
260 283 0.912991
260 286 0.800732
261 264 0.540113
261 265 0.631893
261 279 0.945191
261 282 1.05355
261 286 0.723379
261 292 1.22762
261 294 1.10181
261 313 1.10804
261 314 0.780514
261 315 0.904078
261 316 1.02866
262 265 0.51783
262 266 0.627482
262 267 0.835218
262 268 0.842263
262 313 1.03281
262 314 0.801205
263 266 0.533405
263 267 0.565221
263 268 0.486622
263 270 0.793727
263 271 0.549641
263 272 0.773188
264 267 0.500329
264 268 0.640121
264 271 0.646049
264 273 1.01697
264 283 1.12985
264 286 0.825098
264 287 0.772976
265 313 1.18243
265 314 1.02668
265 316 0.95301
268 271 0.622852
268 272 0.932591
270 273 0.87302
270 274 0.985528
270 275 1.15064
271 274 0.834679
271 286 1.01595
271 287 0.942364
272 275 0.591122
272 276 0.870988
272 279 0.805185
273 276 0.694771
273 279 0.484386
273 280 0.514316
273 282 0.76646
273 283 0.590283
273 286 0.87938
273 287 0.956947
274 277 0.736334
274 280 0.5677
274 283 0.863349
275 279 0.667118
276 279 0.508156
276 280 0.62081
276 282 0.958701
277 280 0.4904
277 281 0.616225
278 281 0.52344
278 282 0.611237
278 286 1.10355
279 282 0.480231
279 283 0.594446
279 286 0.831315
279 287 1.07855
280 283 0.503258
280 285 0.932824
281 284 0.751141
281 285 0.786544
282 285 0.459864
282 286 0.589662
282 292 0.96622
283 286 0.555261
283 287 0.635072
283 288 0.656693
284 287 0.566623
284 288 0.377484
284 289 0.567017
284 290 0.604687
284 292 0.914555
285 288 0.571351
285 290 0.537419
285 292 0.586026
285 294 0.997238
286 292 0.713901
286 294 0.980486
286 314 1.33097
287 290 0.798024
288 292 0.931728
294 311 1.14334
294 314 1.03197
294 315 0.798386
295 314 1.10725
296 308 0.980169
296 311 0.692678
296 312 0.738371
296 314 0.849693
296 315 0.672086
296 316 1.01876
297 307 1.14098
297 308 0.875172
297 311 0.791082
298 307 0.925462
298 308 0.605525
298 311 0.744144
298 312 0.817853
299 304 0.694434
299 305 0.820784
299 307 0.948251
299 308 0.673954
299 311 1.01508
299 312 1.10106
300 305 0.781098
301 304 0.598973
301 305 0.70501
301 308 0.92028
302 305 0.511667
302 306 0.870257
302 307 1.02385
302 308 0.921528
303 306 0.821594
303 307 0.910941
304 307 0.565121
304 308 0.58652
305 308 0.505969
305 309 0.610353
306 309 0.519158
306 310 0.645143
306 313 1.09343
307 310 0.503624
307 311 0.64159
308 311 0.513031
308 312 0.643953
309 312 0.524325
309 313 0.64749
309 316 1.07044
310 313 0.51694
310 314 0.624591
311 314 0.502113
311 315 0.643731
312 315 0.508216
312 316 0.631812
313 316 0.490441
