     1      4 1   0.110176998E-01   0.260433966E-02
     1      5 1   0.247760424E+00   0.109150776E+00
     1      6 1   0.243246557E+01   0.169217216E+01
     1     64 1   0.633721383E+01   0.533908134E+01
     1     65 1   0.327339582E+01   0.241649962E+01
     1     68 1   0.197044704E+01   0.131421441E+01
     1     73 1   0.286086945E+01   0.205582504E+01
     1    290 1   0.348022309E+00   0.164103183E+00
     1    291 1   0.120116135E-01   0.288875111E-02
     1    292 1   0.576914989E+00   0.300969642E+00
     1    293 1   0.723947292E+01   0.626378498E+01
     2      5 1   0.837731521E-01   0.297107991E-01
     2     73 1   0.269032476E+01   0.190965165E+01
     2     74 1   0.534611955E+01   0.435346345E+01
     2    264 1   0.440640182E+01   0.345214812E+01
     2    285 1   0.544776634E+01   0.445297923E+01
     2    286 1   0.250809085E+01   0.175549833E+01
     2    287 1   0.754272078E+00   0.415166345E+00
     2    288 1   0.287811306E+00   0.130652560E+00
     2    289 1   0.709712676E-01   0.243493616E-01
     2    290 1   0.172744295E-01   0.446758641E-02
     2    291 1   0.629283867E-02   0.132985540E-02
     2    292 1   0.141831026E+00   0.558874118E-01
     3    264 1   0.753362099E+00   0.414565373E+00
     3    265 1   0.392827150E+00   0.189771198E+00
     3    292 1   0.160886382E+01   0.103041376E+01
     4     45 1   0.270247238E+01   0.192000350E+01
     4     65 1   0.452685213E+02   0.565124419E+02
     4    290 1   0.731495552E+01   0.634223794E+01
     4    291 1   0.568976356E+00   0.296006718E+00
     4    292 1   0.609666619E+00   0.321587681E+00
     4    293 1   0.235111985E+01   0.162449443E+01
     5     45 1   0.104292637E+01   0.612481366E+00
     5     78 1   0.141197733E+02   0.139630976E+02
     5    260 1   0.466392706E+02   0.585720741E+02
     5    261 1   0.180530771E+01   0.118317773E+01
     5    264 1   0.257020955E+01   0.180780151E+01
     5    265 1   0.687886614E+00   0.371713842E+00
     5    285 1   0.299181876E+02   0.343803934E+02
     5    286 1   0.552029948E+01   0.452421954E+01
     5    290 1   0.281551174E+01   0.201677438E+01
     5    292 1   0.988926855E-02   0.228762855E-02
     5    294 1   0.364683980E+00   0.173575541E+00
     6     32 1   0.710815699E+02   0.971173709E+02
     6     45 1   0.290634105E-01   0.834073640E-02
     6     46 1   0.411809892E+00   0.200828171E+00
     6     60 1   0.624496294E+01   0.524595236E+01
     6     61 1   0.452314690E+00   0.224759126E+00
     6     64 1   0.223629020E+02   0.242450060E+02
     6     65 1   0.853152613E+01   0.762817371E+01
     6    291 1   0.108646176E+01   0.643288577E+00
     6    292 1   0.636253486E-01   0.213572196E-01
     6    293 1   0.206732202E-02   0.349686011E-03
     6    294 1   0.384900723E-01   0.116844151E-01
     6    295 1   0.679297053E+00   0.366150963E+00
     7     33 1   0.495937184E+01   0.397832730E+01
     7     43 1   0.350924298E+01   0.262690660E+01
     7     44 1   0.278124161E-01   0.791179389E-02
     7     45 1   0.984645606E-02   0.227574942E-02
     7     46 1   0.129035817E+00   0.498931396E-01
     7     47 1   0.148700715E+01   0.937484664E+00
     7     80 1   0.122401293E+02   0.117633687E+02
     7    261 1   0.792322093E+01   0.698024431E+01
     7    265 1   0.139839798E+02   0.138021089E+02
     7    292 1   0.138438653E+01   0.860393942E+00
     7    293 1   0.423053736E-01   0.130876944E-01
     7    294 1   0.424950914E-02   0.830223505E-03
     7    296 1   0.374281283E+00   0.179071403E+00
     7    311 1   0.327524437E+02   0.383248933E+02
     7    312 1   0.575749200E+01   0.475848293E+01
     7    314 1   0.523950798E+01   0.424949294E+01
     7    315 1   0.268682301E+00   0.120302700E+00
     8     33 1   0.133358649E+01   0.822647778E+00
     8     44 1   0.508374090E-01   0.163158083E-01
     8     45 1   0.160450722E-01   0.408882491E-02
     8     46 1   0.260375340E-02   0.461220205E-03
     8     48 1   0.272708552E+00   0.122469237E+00
     8     56 1   0.831643943E+02   0.117250153E+03
     8     57 1   0.490806819E+01   0.392899259E+01
     8     60 1   0.894276118E+01   0.807150395E+01
     8     61 1   0.106645507E+01   0.629099845E+00
     8    103 1   0.957411762E+02   0.138837573E+03
     8    292 1   0.135541910E+02   0.132946475E+02
     8    293 1   0.290394970E+00   0.132061252E+00
     8    294 1   0.349245190E-01   0.103978854E-01
     8    295 1   0.580905330E-02   0.120813353E-02
     8    296 1   0.327506073E-01   0.962613023E-02
     8    312 1   0.483733161E+01   0.386113989E+01
     9     29 1   0.338856078E+02   0.399214990E+02
     9     33 1   0.322353850E+01   0.237240012E+01
     9     35 1   0.446915979E+01   0.351123230E+01
     9     37 1   0.461949837E+02   0.579031627E+02
     9     42 1   0.682208521E+01   0.583296099E+01
     9     44 1   0.329791400E+00   0.153842276E+00
     9     46 1   0.591293893E-01   0.195592671E-01
     9     47 1   0.308381526E-02   0.565059952E-03
     9     48 1   0.354443923E-01   0.105838956E-01
     9     57 1   0.891483426E+01   0.804126607E+01
     9    296 1   0.149166849E-02   0.236371593E-03
     9    297 1   0.434147466E-01   0.135006049E-01
     9    298 1   0.281294852E+00   0.127110857E+00
     9    299 1   0.985256677E+01   0.906666914E+01
     9    308 1   0.697308843E+01   0.598823329E+01
     9    311 1   0.416421142E+01   0.322572863E+01
     9    312 1   0.616822602E+00   0.326122557E+00
    10     13 1   0.430542200E+01   0.335743315E+01
    10     48 1   0.289849706E-02   0.524560930E-03
    10     49 1   0.543759137E-01   0.176879045E-01
    10     50 1   0.303053453E+00   0.138998972E+00
    10     52 1   0.184184247E+01   0.121196892E+01
    10     53 1   0.121251468E+02   0.116308889E+02
    10     54 1   0.100704245E+02   0.930777416E+01
    10     57 1   0.145846964E+01   0.915936521E+00
    10     84 1   0.967897790E+02   0.140664304E+03
    10     85 1   0.455755109E+01   0.359473068E+01
    10     86 1   0.119397149E+01   0.720412522E+00
    10     89 1   0.963607869E+01   0.882813385E+01
    10     90 1   0.652079121E+00   0.348617238E+00
    10     93 1   0.130449051E+03   0.201241531E+03
    10    100 1   0.290846015E+03   0.526725381E+03
    10    103 1   0.459610960E+02   0.575515409E+02
    10    295 1   0.153747332E+00   0.615683634E-01
    10    296 1   0.299311530E-01   0.864045556E-02
    10    297 1   0.864023348E-02   0.194544554E-02
    10    298 1   0.616436597E-01   0.205614908E-01
    11     25 1   0.108093410E+02   0.101332221E+02
    11     26 1   0.948795445E+01   0.866553964E+01
    11     27 1   0.251479705E+01   0.176113251E+01
    11     29 1   0.168110111E+02   0.172147652E+02
    11     35 1   0.143285279E+02   0.142111882E+02
    11     37 1   0.314747590E+02   0.365378846E+02
    11     42 1   0.109205593E+03   0.162585707E+03
    11     44 1   0.830494276E+02   0.117055676E+03
    11     46 1   0.142557775E+02   0.141246467E+02
    11     47 1   0.434310176E+00   0.214066402E+00
    11     48 1   0.586850645E-01   0.193830273E-01
    11     49 1   0.152589859E-01   0.384963284E-02
    11     50 1   0.987801150E-02   0.228450407E-02
    11     52 1   0.242652594E+01   0.168721501E+01
    11     57 1   0.205624756E+02   0.219219400E+02
    11    296 1   0.813569616E+00   0.454634270E+00
    11    298 1   0.507728074E-02   0.102788829E-02
    11    299 1   0.255882628E-01   0.715875446E-02
    11    300 1   0.506500776E-01   0.162436881E-01
    11    308 1   0.395507295E+01   0.303231212E+01
    11    312 1   0.190589744E+02   0.200128038E+02
    12     15 1   0.179760425E+01   0.117712181E+01
    12     18 1   0.349509114E+02   0.414322683E+02
    12     25 1   0.124831094E+02   0.120441411E+02
    12     50 1   0.739218126E-02   0.161330185E-02
    12     82 1   0.427363135E+02   0.527405885E+02
    12     83 1   0.492963970E+02   0.625989024E+02
    12     84 1   0.358805504E+01   0.269786007E+01
    12     85 1   0.201407131E+00   0.851291535E-01
    12     86 1   0.163979611E-01   0.419697444E-02
    12     89 1   0.123490646E+01   0.750152189E+00
    12     90 1   0.141637016E+01   0.884302035E+00
    12    297 1   0.305893648E+00   0.140563659E+00
    12    298 1   0.691794525E-01   0.236135373E-01
    12    299 1   0.212815944E-01   0.573843540E-02
    12    300 1   0.133496460E+00   0.519699387E-01
    12    301 1   0.315584561E+01   0.231274314E+01
    12    303 1   0.132407709E+03   0.204872859E+03
    12    304 1   0.413391747E+02   0.506783733E+02
    13     18 1   0.476363197E+01   0.379065574E+01
    13     19 1   0.540612928E+01   0.441216978E+01
    13     25 1   0.187039734E+01   0.123455134E+01
    13     49 1   0.102818500E+01   0.602107479E+00
    13     50 1   0.377611747E-02   0.720515121E-03
    13     52 1   0.463761892E+01   0.367064661E+01
    13     89 1   0.158896128E+02   0.160888306E+02
    13    299 1   0.212916928E+00   0.909998620E-01
    13    300 1   0.127741785E+00   0.492933212E-01
    13    301 1   0.129894765E+01   0.797073707E+00
    14     18 1   0.296658586E-01   0.854863570E-02
    14     19 1   0.487167140E-01   0.155025124E-01
    14     23 1   0.165617207E+01   0.106687872E+01
    14     24 1   0.103492418E+01   0.606846352E+00
    14     25 1   0.243550431E+00   0.106928922E+00
    14     50 1   0.987236317E+00   0.573447748E+00
    14    299 1   0.240852702E+00   0.105509200E+00
    14    300 1   0.930681689E-01   0.337093134E-01
    14    301 1   0.617152222E-01   0.205901382E-01
    14    302 1   0.550173406E+01   0.450596710E+01
    15     18 1   0.681902348E-02   0.146438451E-02
    15     19 1   0.273993824E-01   0.777100936E-02
    15     21 1   0.436488307E+01   0.341315209E+01
    15     23 1   0.533056782E+01   0.433827094E+01
    15     84 1   0.517466357E+01   0.418646097E+01
    15    304 1   0.631794680E+02   0.843101111E+02
    16     19 1   0.407482142E-02   0.789439404E-03
    16     20 1   0.236917939E-01   0.652688617E-02
    16     21 1   0.682613264E+00   0.368296992E+00
    17     20 1   0.976940255E-02   0.225439551E-02
    17     21 1   0.163355365E-01   0.417780905E-02
    17     22 1   0.447220756E+00   0.221725093E+00
    17     23 1   0.157701324E+01   0.100598363E+01
    18     21 1   0.101926899E-01   0.237211137E-02
    18     22 1   0.115023376E-01   0.274240654E-02
    18     23 1   0.107691640E-01   0.253400165E-02
    18     24 1   0.302131190E+00   0.138491519E+00
    18     84 1   0.239060398E+02   0.262662256E+02
    18    299 1   0.608937411E+01   0.508950671E+01
    18    300 1   0.486711480E+01   0.388968482E+01
    18    301 1   0.123249443E+00   0.472204869E-01
    18    303 1   0.828984967E+00   0.464990939E+00
    18    304 1   0.102358203E+02   0.949151827E+01
    19     22 1   0.695590377E-02   0.149972897E-02
    19     23 1   0.144678221E+00   0.572363982E-01
    21    193 1   0.718602841E+03   0.155946352E+04
    21    301 1   0.125436381E+02   0.121142553E+02
    21    302 1   0.161890320E+02   0.164533207E+02
    21    303 1   0.930964438E+01   0.847048375E+01
    21    304 1   0.152842823E+03   0.243378698E+03
    22    302 1   0.140779350E+01   0.877880193E+00
    23    301 1   0.180102510E-01   0.469690983E-02
    23    302 1   0.546816757E-02   0.112356624E-02
    23    303 1   0.286390086E-01   0.819479472E-02
    24     28 1   0.483374089E+02   0.611404377E+02
    24     38 1   0.394260224E+02   0.478771247E+02
    24    300 1   0.567704797E+00   0.295213069E+00
    24    301 1   0.140382992E-01   0.348309962E-02
    24    302 1   0.101569182E-01   0.236212487E-02
    24    305 1   0.489357948E+01   0.391507855E+01
    25     28 1   0.217344089E+01   0.147831132E+01
    25     29 1   0.239187453E+02   0.262829784E+02
    25     35 1   0.860729359E+02   0.122187968E+03
    25     47 1   0.435157641E+03   0.854209586E+03
    25     48 1   0.313418569E+03   0.576153457E+03
    25     49 1   0.301305313E+02   0.346734177E+02
    25     50 1   0.824172729E+01   0.731830309E+01
    25    298 1   0.266780223E+02   0.299621423E+02
    25    300 1   0.817358696E-02   0.182005172E-02
    25    301 1   0.654379840E-02   0.139374845E-02
    26     36 1   0.180892454E+01   0.118602282E+01
    26     37 1   0.836138914E-01   0.296430323E-01
    26     38 1   0.164289833E+00   0.666685993E-01
    26    298 1   0.133452247E+02   0.130490703E+02
    26    299 1   0.160266481E+01   0.102565132E+01
    26    300 1   0.106467471E-01   0.249947520E-02
    26    301 1   0.469126397E-01   0.148161835E-01
    26    302 1   0.529042711E-01   0.171150190E-01
    26    304 1   0.401329640E+01   0.308595782E+01
    26    305 1   0.383698134E+00   0.184491401E+00
    26    308 1   0.401472756E+01   0.308727843E+01
    26    309 1   0.113377172E+02   0.107304824E+02
    26    312 1   0.973467614E+02   0.141636215E+03
    27     35 1   0.158063089E+00   0.636480443E-01
    27     36 1   0.603974558E-01   0.200636932E-01
    27     37 1   0.129851877E-01   0.317195036E-02
    27     38 1   0.320489022E+00   0.148649788E+00
    27     47 1   0.122795729E+02   0.118088720E+02
    27     50 1   0.535182551E+01   0.435903984E+01
    27    299 1   0.440409260E+01   0.344997727E+01
    27    300 1   0.599976156E-01   0.199044093E-01
    27    308 1   0.765236238E+01   0.669488525E+01
    27    312 1   0.430029130E+02   0.531356447E+02
    28     34 1   0.311410843E+01   0.227608764E+01
    28     35 1   0.370545615E-01   0.111634522E-01
    28     36 1   0.670945756E-02   0.143619495E-02
    28     37 1   0.742144509E-01   0.256906255E-01
    28     38 1   0.788365693E+00   0.437785894E+00
    28     39 1   0.321189212E+01   0.236211830E+01
    28     47 1   0.199747811E+02   0.211722463E+02
    29     32 1   0.694089786E+00   0.375739876E+00
    29     34 1   0.104196128E+00   0.386020529E-01
    29     35 1   0.163850263E-02   0.264560545E-03
    29     36 1   0.340978207E-01   0.101032349E-01
    29     37 1   0.929249475E+00   0.533270173E+00
    29     47 1   0.114444904E+01   0.684706191E+00
    29     48 1   0.479431335E+01   0.381997220E+01
    29     49 1   0.744958219E+00   0.409022127E+00
    29     50 1   0.126099544E+02   0.121911513E+02
    29    300 1   0.200141372E+02   0.212223148E+02
    30     33 1   0.402205991E+00   0.195221096E+00
    30     34 1   0.910347904E-02   0.207127317E-02
    30     35 1   0.617055704E-02   0.129890608E-02
    30     36 1   0.958774604E-01   0.349340012E-01
    30     40 1   0.240969403E+02   0.265181234E+02
    30     41 1   0.105359907E+01   0.620010374E+00
    30     42 1   0.348509497E+01   0.260522984E+01
    30     47 1   0.419512967E+01   0.325449022E+01
    31     34 1   0.543604477E-02   0.111565042E-02
    31     47 1   0.359923498E+00   0.170860135E+00
    31     49 1   0.298610135E+01   0.216428254E+01
    32     35 1   0.843155137E+00   0.474545099E+00
    32     44 1   0.129379859E+01   0.793283669E+00
    32     45 1   0.473157496E+00   0.237244074E+00
    32     46 1   0.152471915E-01   0.384606243E-02
    32     47 1   0.165596969E-01   0.424669788E-02
    32     48 1   0.172190450E+00   0.705341404E-01
    32     49 1   0.104748678E+01   0.615696612E+00
    32     60 1   0.380903589E+02   0.459374180E+02
    33     42 1   0.184681948E+01   0.121589995E+01
    33     43 1   0.354760519E-01   0.105952411E-01
    33     44 1   0.112819099E-01   0.267946233E-02
    33     45 1   0.942525533E-02   0.215943558E-02
    33     46 1   0.374393843E-02   0.713153374E-03
    33     47 1   0.188339698E-01   0.495585678E-02
    34     41 1   0.165034980E+00   0.670316193E-01
    34     42 1   0.310034371E-01   0.901322715E-02
    34     43 1   0.104456352E-02   0.154138217E-03
    34     44 1   0.331551610E-01   0.976899470E-02
    34     47 1   0.989544194E-01   0.362836307E-01
    34     49 1   0.126657585E+02   0.122559208E+02
    35     39 1   0.713627039E+01   0.615678602E+01
    35     40 1   0.137565579E+01   0.853886683E+00
    35     41 1   0.187681158E-01   0.493506995E-02
    35     42 1   0.134993392E-01   0.332325384E-02
    35     44 1   0.914307276E+00   0.522996900E+00
    35     47 1   0.212749065E+00   0.909137760E-01
    35    308 1   0.327810365E+02   0.383650458E+02
    35    312 1   0.587689420E+01   0.487714818E+01
    36     39 1   0.692884191E-01   0.236581775E-01
    36     40 1   0.203876156E-01   0.545039814E-02
    36     41 1   0.711938864E-03   0.973015471E-04
    36     42 1   0.427423331E-01   0.132500761E-01
    37     40 1   0.215985443E-01   0.584114359E-02
    37     41 1   0.392470593E-01   0.119607125E-01
    37     42 1   0.192120732E+00   0.804410224E-01
    37     44 1   0.594549450E+02   0.783815923E+02
    37     47 1   0.307695286E+02   0.355576880E+02
    37    298 1   0.253515227E+02   0.281833986E+02
    37    299 1   0.260350103E+02   0.290976429E+02
    37    300 1   0.296064947E+01   0.214216487E+01
    37    304 1   0.348430654E+02   0.412789014E+02
    37    305 1   0.168410179E+01   0.108850520E+01
    37    308 1   0.110806931E+01   0.658671416E+00
    37    309 1   0.270459222E+00   0.121258072E+00
    37    312 1   0.225155220E+01   0.154229315E+01
    38     42 1   0.609302653E+01   0.509317017E+01
    38    305 1   0.130322761E+01   0.800226319E+00
    38    309 1   0.129338893E+01   0.792982257E+00
    40    309 1   0.262141906E+01   0.185111009E+01
    40    313 1   0.684046127E+01   0.585182014E+01
    41    313 1   0.698144756E+01   0.599684854E+01
    42     47 1   0.359402242E+01   0.270324521E+01
    42    308 1   0.137190142E+02   0.134888831E+02
    42    309 1   0.229389597E+01   0.157716440E+01
    42    312 1   0.133033628E+00   0.517537980E-01
    42    313 1   0.400934386E+00   0.194480682E+00
    42    315 1   0.136801145E+01   0.848195924E+00
    42    316 1   0.897408235E+01   0.810543943E+01
    43     47 1   0.998110114E+00   0.581035479E+00
    43    312 1   0.206556144E+01   0.139070253E+01
    43    315 1   0.133754034E+01   0.825575450E+00
    44     47 1   0.989149754E-01   0.362662759E-01
    44    294 1   0.901773435E+01   0.815277447E+01
    44    296 1   0.805227100E+01   0.711689507E+01
    44    311 1   0.472086509E+02   0.594311879E+02
    44    312 1   0.187802704E+01   0.124059696E+01
    44    314 1   0.103819687E+02   0.965437493E+01
    44    315 1   0.366547502E+00   0.174640442E+00
    45     48 1   0.432616084E+01   0.337684945E+01
    45     60 1   0.172604096E+02   0.177684613E+02
    45    293 1   0.541593675E+01   0.442177667E+01
    46     49 1   0.257540600E+01   0.181218841E+01
    46     52 1   0.256213340E+02   0.285437212E+02
    46     56 1   0.280978299E+02   0.318856914E+02
    46     57 1   0.390479835E+01   0.298611711E+01
    46     60 1   0.298401518E+01   0.216246824E+01
    46     61 1   0.240052818E+01   0.166554616E+01
    46    295 1   0.301129491E+01   0.218621290E+01
    47     51 1   0.151539975E+02   0.151992150E+02
    47     52 1   0.601517446E+01   0.501517829E+01
    47    312 1   0.103821618E+02   0.965459044E+01
    48     52 1   0.642004801E-01   0.215890949E-01
    48     53 1   0.228764980E+01   0.157201235E+01
    48     56 1   0.329227194E+01   0.243323102E+01
    48     57 1   0.314432628E+00   0.145285285E+00
    48     60 1   0.910924225E+01   0.825215175E+01
    48     61 1   0.103688144E+02   0.963969797E+01
    48     90 1   0.169130836E+02   0.173402701E+02
    48    295 1   0.535542907E+01   0.436256218E+01
    48    296 1   0.466622484E+01   0.369783303E+01
    49     52 1   0.256165661E-01   0.716825751E-02
    49     57 1   0.623512524E+01   0.523603717E+01
    50    298 1   0.551978836E+01   0.452371686E+01
    50    300 1   0.777091108E+00   0.430283637E+00
    51     56 1   0.111731345E+02   0.105438334E+02
    52     56 1   0.151943518E+00   0.607025755E-01
    52     57 1   0.204185279E+00   0.865401847E-01
    52     60 1   0.230750116E+02   0.251743820E+02
    52     99 1   0.239033235E+02   0.262626442E+02
    53     56 1   0.771620579E-02   0.169852939E-02
    53     57 1   0.424088057E-01   0.131261014E-01
    53     59 1   0.564283007E+01   0.464499093E+01
    53     99 1   0.549589216E+00   0.283945079E+00
    53    106 1   0.883759301E+02   0.126121550E+03
    54     57 1   0.634973182E-02   0.134429618E-02
    54     58 1   0.338805160E-01   0.100260190E-01
    54     89 1   0.193003735E+01   0.128193900E+01
    54     90 1   0.493899840E+00   0.249778565E+00
    54     92 1   0.101529670E+02   0.939939871E+01
    54     93 1   0.175800845E+01   0.114607662E+01
    54     99 1   0.728806821E-01   0.251375772E-01
    54    100 1   0.879698363E-01   0.315056936E-01
    54    101 1   0.193727627E+00   0.812490654E-01
    54    102 1   0.621880570E-01   0.207795859E-01
    54    103 1   0.125758285E+01   0.766712300E+00
    54    106 1   0.371576396E+01   0.281349563E+01
    55     58 1   0.849200019E-02   0.190546290E-02
    55     59 1   0.357442899E-01   0.106914476E-01
    55     60 1   0.110261633E+01   0.654783624E+00
    55     63 1   0.531033474E+01   0.431851847E+01
    55     98 1   0.229644170E+01   0.157926501E+01
    55     99 1   0.160907675E+00   0.650250382E-01
    55    101 1   0.147362533E+01   0.927369907E+00
    55    106 1   0.188866643E+01   0.124903560E+01
    55    109 1   0.548615131E+02   0.711721101E+02
    55    110 1   0.465893608E+02   0.584968670E+02
    56     59 1   0.122666019E-01   0.296249503E-02
    56     60 1   0.375203372E-01   0.113320526E-01
    56     61 1   0.937849501E+00   0.539198017E+00
    57     60 1   0.150591096E-01   0.378920111E-02
    57     61 1   0.314204606E-01   0.915890512E-02
    57     62 1   0.526950570E+00   0.269968043E+00
    57     89 1   0.255402874E+02   0.284354065E+02
    57     90 1   0.168698050E+01   0.109073834E+01
    57    101 1   0.162738223E+02   0.165567841E+02
    57    102 1   0.152485533E+01   0.966190746E+00
    57    103 1   0.155021559E+01   0.985505435E+00
    57    295 1   0.683131371E+01   0.584243083E+01
    58     61 1   0.753957127E-02   0.165197886E-02
    58     62 1   0.512163913E-02   0.103867403E-02
    58     63 1   0.504869897E-01   0.161809448E-01
    58     66 1   0.115795676E+02   0.110057417E+02
    58     77 1   0.264635187E+02   0.296732838E+02
    58     90 1   0.211712720E+01   0.143246773E+01
    58    101 1   0.408085360E+01   0.314839868E+01
    58    102 1   0.213263141E+00   0.911774550E-01
    58    103 1   0.551371664E-01   0.179854718E-01
    58    106 1   0.283814203E+00   0.128478203E+00
    58    107 1   0.148818923E+01   0.938379025E+00
    58    109 1   0.244927074E+02   0.270416170E+02
    58    110 1   0.103387273E+02   0.960614194E+01
    58    111 1   0.998812271E+02   0.146072730E+03
    58    114 1   0.593244710E+03   0.123899386E+04
    59     62 1   0.268157929E-01   0.757281376E-02
    59     63 1   0.498093070E-02   0.100452582E-02
    59     64 1   0.268883943E+00   0.120411051E+00
    59     65 1   0.361747270E+01   0.272442476E+01
    59    106 1   0.300238119E+01   0.217844952E+01
    59    109 1   0.493384565E+02   0.626629989E+02
    59    110 1   0.867942845E+01   0.778713775E+01
    60     64 1   0.394510034E+00   0.190747199E+00
    60     65 1   0.411212697E+01   0.317737390E+01
    60    293 1   0.117140124E+02   0.111592580E+02
    61     64 1   0.164891991E+00   0.669619326E-01
    61     65 1   0.269433742E+00   0.120706563E+00
    61     76 1   0.220452546E+02   0.238323379E+02
    61     77 1   0.279481155E+01   0.199899422E+01
    61    103 1   0.179010545E+01   0.117123176E+01
    61    293 1   0.215080813E+00   0.921107900E-01
    61    294 1   0.331063340E+01   0.244952465E+01
    61    295 1   0.148898815E+01   0.938983569E+00
    62     65 1   0.796823834E-02   0.176531936E-02
    62     66 1   0.817891700E-01   0.288684499E-01
    62     76 1   0.503249279E+01   0.404881839E+01
    62     77 1   0.660797947E+00   0.354218244E+00
    62    102 1   0.450065094E+01   0.354094272E+01
    62    103 1   0.110392001E+00   0.413726780E-01
    62    107 1   0.221450860E+00   0.953940639E-01
    62    110 1   0.378897877E+01   0.288015002E+01
    62    223 1   0.139605015E+02   0.137743060E+02
    62    225 1   0.117837207E+02   0.112389939E+02
    62    295 1   0.637729189E+01   0.537962568E+01
    63     66 1   0.122890711E-01   0.296900804E-02
    63     67 1   0.842978973E-01   0.299342647E-01
    63    107 1   0.272790572E+00   0.122513439E+00
    63    109 1   0.747804579E+01   0.651229774E+01
    63    110 1   0.273365618E+00   0.122823417E+00
    63    114 1   0.172463491E+02   0.177510934E+02
    64     67 1   0.477687817E-02   0.955347788E-03
    64     68 1   0.343935570E-01   0.102084784E-01
    64     71 1   0.528377936E+01   0.429261672E+01
    64     74 1   0.218569093E+02   0.235882110E+02
    64    114 1   0.483308401E+02   0.611304675E+02
    64    291 1   0.209834896E+01   0.141723465E+01
    64    293 1   0.940286526E+01   0.857236707E+01
    65     68 1   0.663593513E-02   0.141733027E-02
    65     69 1   0.374830159E-01   0.113185277E-01
    65     73 1   0.224613831E+01   0.153784405E+01
    65     74 1   0.861762522E+00   0.487139815E+00
    65     75 1   0.341787243E-01   0.101320080E-01
    65     76 1   0.501284339E+00   0.254266689E+00
    65     77 1   0.873564907E+00   0.495156767E+00
    65    107 1   0.251425942E+01   0.176068071E+01
    65    222 1   0.124785183E+02   0.120388257E+02
    65    223 1   0.107555567E+01   0.635547446E+00
    65    224 1   0.934580488E+01   0.850998032E+01
    65    225 1   0.140822858E+02   0.139186236E+02
    65    291 1   0.660078242E-01   0.223204530E-01
    65    293 1   0.745547261E+00   0.409410257E+00
    66     69 1   0.517201250E-02   0.105094499E-02
    66     70 1   0.411499851E-01   0.126599539E-01
    66     77 1   0.700069214E+01   0.601669060E+01
    66    106 1   0.652356749E+01   0.552803387E+01
    66    107 1   0.179663887E+00   0.742235038E-01
    66    110 1   0.320269237E+00   0.148527467E+00
    66    111 1   0.171719987E+00   0.703029453E-01
    66    114 1   0.288728449E+01   0.207862429E+01
    66    206 1   0.121769521E+02   0.116905467E+02
    66    208 1   0.705460235E+01   0.607233258E+01
    66    223 1   0.425289864E+00   0.208742337E+00
    66    225 1   0.189549471E+02   0.198817952E+02
    67     70 1   0.651416269E-02   0.138617744E-02
    67     71 1   0.281076610E-01   0.801268652E-02
    67    110 1   0.162280918E+01   0.104114076E+01
    67    114 1   0.156833872E+01   0.999347066E+00
    67    291 1   0.826169699E+01   0.733958693E+01
    68     71 1   0.295726202E-02   0.537348785E-03
    68     73 1   0.164459480E-01   0.421171717E-02
    68     74 1   0.113914189E+00   0.429617427E-01
    68     75 1   0.191836918E+00   0.802984441E-01
    68    289 1   0.509055243E+01   0.410493610E+01
    68    291 1   0.264249939E+00   0.117925134E+00
    69     72 1   0.539690424E-01   0.175292025E-01
    69     73 1   0.673560295E-02   0.144291344E-02
    69     74 1   0.140491916E-02   0.219973369E-03
    69     75 1   0.120184998E-01   0.289073856E-02
    69     77 1   0.178438669E+02   0.184916333E+02
    69    107 1   0.162581166E+02   0.165376115E+02
    69    111 1   0.454740878E+01   0.358513322E+01
    69    206 1   0.600710122E+01   0.500710206E+01
    69    208 1   0.874224630E+00   0.495605537E+00
    69    210 1   0.173780813E+02   0.179139227E+02
    69    220 1   0.656523478E+00   0.351470450E+00
    69    221 1   0.377288529E-02   0.719775111E-03
    69    222 1   0.649599313E-01   0.218959187E-01
    69    223 1   0.602668818E-01   0.200116533E-01
    69    291 1   0.642378396E+00   0.342403043E+00
    70    110 1   0.109298017E+02   0.102688839E+02
    70    111 1   0.121015641E+01   0.732147042E+00
    70    114 1   0.145575677E+01   0.913892445E+00
    70    115 1   0.896622373E+01   0.809692263E+01
    70    118 1   0.322118559E+02   0.375670767E+02
    70    122 1   0.193382608E+02   0.203652337E+02
    70    124 1   0.978935931E+01   0.899691520E+01
    70    126 1   0.223644606E+02   0.242470338E+02
    70    208 1   0.413905032E+00   0.202054884E+00
    70    209 1   0.167605483E+01   0.108226688E+01
    70    210 1   0.102624879E+01   0.600747115E+00
    70    219 1   0.104742106E+01   0.615650259E+00
    70    220 1   0.191890026E+00   0.803251203E-01
    70    221 1   0.113184231E-01   0.268987200E-02
    70    223 1   0.239946758E+01   0.166466316E+01
    71     74 1   0.105425540E+01   0.620473880E+00
    71    114 1   0.205807095E+02   0.219452694E+02
    71    118 1   0.965120899E+02   0.140180165E+03
    71    210 1   0.100917932E+02   0.933147963E+01
    71    219 1   0.151545477E+01   0.959047416E+00
    71    291 1   0.191713431E+02   0.201544778E+02
    72    219 1   0.398005824E+00   0.192777266E+00
    72    220 1   0.374789003E+00   0.179362939E+00
    72    289 1   0.107057135E+01   0.632014796E+00
    73    220 1   0.144365719E+01   0.904785010E+00
    73    221 1   0.133584429E+00   0.520110365E-01
    73    222 1   0.794101862E+00   0.441611080E+00
    73    289 1   0.102915158E-01   0.239973738E-02
    73    291 1   0.248714734E+00   0.109655475E+00
    74    158 1   0.464799821E+02   0.583321046E+02
    74    205 1   0.133449716E+02   0.130487734E+02
    74    207 1   0.332181340E+01   0.245945445E+01
    74    220 1   0.101043515E+01   0.589655889E+00
    74    222 1   0.642431343E-02   0.136326589E-02
    74    224 1   0.843324394E+00   0.474659415E+00
    74    284 1   0.273771768E+01   0.195009108E+01
    74    285 1   0.341651339E+00   0.160504886E+00
    74    289 1   0.310893234E-01   0.904319777E-02
    74    290 1   0.408677429E-02   0.792219060E-03
    74    291 1   0.997009745E-01   0.366123654E-01
    74    292 1   0.193174285E+01   0.128329848E+01
    75    205 1   0.645447120E+01   0.545784634E+01
    75    222 1   0.885884862E-01   0.317717576E-01
    75    223 1   0.510954002E-02   0.103573027E-02
    75    224 1   0.571318021E-01   0.187690379E-01
    75    225 1   0.106180308E+01   0.625808248E+00
    75    226 1   0.145862755E+02   0.145185016E+02
    75    282 1   0.130948292E+02   0.127558179E+02
    75    285 1   0.160623117E+00   0.648870700E-01
    75    290 1   0.254698577E-02   0.449179913E-03
    75    291 1   0.309779227E-02   0.568134619E-03
    76    203 1   0.903062295E+01   0.816675930E+01
    76    223 1   0.270735127E-01   0.766023394E-02
    76    224 1   0.380803876E-02   0.727830307E-03
    76    226 1   0.403972289E+00   0.196250329E+00
    76    282 1   0.197698148E+01   0.131944601E+01
    76    285 1   0.492964018E-01   0.157241352E-01
    76    286 1   0.523884285E+00   0.268084034E+00
    76    290 1   0.609159362E-01   0.202705537E-01
    76    291 1   0.454314387E-01   0.142566107E-01
    76    292 1   0.278691942E-02   0.500423618E-03
    76    293 1   0.621724011E-01   0.207733086E-01
    76    294 1   0.104256112E+01   0.612223977E+00
    76    295 1   0.129762728E+02   0.126173592E+02
    77     90 1   0.311435383E+02   0.360769693E+02
    77     91 1   0.458445612E+01   0.362021104E+01
    77    103 1   0.228939410E+01   0.157345083E+01
    77    104 1   0.645561083E+01   0.545900275E+01
    77    107 1   0.136298482E+02   0.133837472E+02
    77    223 1   0.525288775E+00   0.268946718E+00
    77    224 1   0.615406561E-01   0.205202690E-01
    77    225 1   0.473254718E-02   0.944718558E-03
    77    226 1   0.565536534E-01   0.185413479E-01
    77    228 1   0.751356803E+01   0.654943704E+01
    77    282 1   0.208736885E+02   0.223206861E+02
    77    293 1   0.364120393E-02   0.689735386E-03
    77    295 1   0.282617314E+00   0.127828303E+00
    78     90 1   0.196794198E+02   0.207971226E+02
    78    103 1   0.103596594E+02   0.962948537E+01
    78    203 1   0.355735273E+01   0.267018173E+01
    78    224 1   0.962977468E+00   0.556580331E+00
    78    225 1   0.458521971E-01   0.144152004E-01
    78    226 1   0.479171132E-02   0.958908744E-03
    78    228 1   0.116793667E+00   0.442681791E-01
    78    254 1   0.210249869E+02   0.225149706E+02
    78    257 1   0.108459012E+02   0.101743642E+02
    78    260 1   0.113081080E+03   0.169533856E+03
    78    261 1   0.253112340E+02   0.281296602E+02
    78    264 1   0.342404357E+03   0.640671851E+03
    78    278 1   0.347857684E+02   0.411974585E+02
    78    279 1   0.478603637E+02   0.604170752E+02
    78    282 1   0.177041641E+02   0.183180405E+02
    78    285 1   0.124285189E+02   0.119809638E+02
    78    286 1   0.102581526E+02   0.951637373E+01
    78    291 1   0.188636389E+02   0.197669231E+02
    78    292 1   0.527235174E+00   0.270143023E+00
    78    293 1   0.499776580E-01   0.159852556E-01
    78    294 1   0.265840064E-02   0.472860485E-03
    78    295 1   0.317792226E-01   0.928454074E-02
    78    296 1   0.747860835E+00   0.410935302E+00
    78    297 1   0.893090654E+01   0.805866602E+01
    78    314 1   0.681139406E+02   0.922723776E+02
    79     87 1   0.207022644E+00   0.879852605E-01
    79     90 1   0.950997507E+00   0.548281709E+00
    79     91 1   0.161483654E+00   0.653044514E-01
    79    103 1   0.367233434E+01   0.277408114E+01
    79    225 1   0.602591480E+00   0.317114491E+00
    79    226 1   0.681655701E-01   0.231988571E-01
    79    227 1   0.139389076E-01   0.345352808E-02
    79    228 1   0.192746135E-01   0.509531829E-02
    79    295 1   0.443601965E-02   0.874139324E-03
    79    297 1   0.194854439E+00   0.818164944E-01
    80     85 1   0.324409903E+01   0.239056979E+01
    80     87 1   0.289811488E+00   0.131742900E+00
    80    201 1   0.519086366E+01   0.420219353E+01
    80    228 1   0.586806127E-02   0.122287501E-02
    80    229 1   0.886343543E-01   0.317914990E-01
    80    230 1   0.895524681E-01   0.321870797E-01
    80    231 1   0.202093606E+01   0.135472639E+01
    80    251 1   0.406008387E+02   0.495941566E+02
    80    254 1   0.340570646E+01   0.253417825E+01
    80    257 1   0.219641312E+02   0.237271370E+02
    80    294 1   0.322236005E+00   0.149622663E+00
    80    295 1   0.577719608E-01   0.190216871E-01
    80    296 1   0.464551640E-02   0.923909219E-03
    80    297 1   0.277352836E-01   0.788547095E-02
    80    298 1   0.140450538E+01   0.875420260E+00
    80    310 1   0.233148483E+02   0.254886959E+02
    80    311 1   0.638160312E+00   0.339706810E+00
    80    312 1   0.645520577E+01   0.545859173E+01
    80    313 1   0.492010408E+02   0.624536251E+02
    80    314 1   0.576201694E+01   0.476297104E+01
    81     85 1   0.377586700E-01   0.114184862E-01
    81     87 1   0.335475587E-01   0.990789988E-02
    81    198 1   0.489668038E+01   0.391805576E+01
    81    228 1   0.172490861E+00   0.706818342E-01
    81    229 1   0.835766176E-01   0.296271757E-01
    81    230 1   0.684435828E-02   0.147091571E-02
    81    254 1   0.196784048E+02   0.207958354E+02
    81    297 1   0.446790132E-02   0.881683657E-03
    81    298 1   0.718411851E-01   0.247079486E-01
    81    311 1   0.409026649E+00   0.199200502E+00
    82     85 1   0.111812209E-01   0.265079153E-02
    82     87 1   0.242839490E+00   0.106554471E+00
    82     88 1   0.525280719E+01   0.426243977E+01
    82    194 1   0.591632061E+01   0.491643775E+01
    82    197 1   0.496988329E+00   0.251654054E+00
    82    198 1   0.535935737E+00   0.275501371E+00
    82    230 1   0.184540397E-02   0.305139369E-03
    82    231 1   0.293249708E+00   0.133620659E+00
    82    232 1   0.153744667E+01   0.975772502E+00
    82    233 1   0.330174857E+02   0.386973568E+02
    82    236 1   0.122332418E+03   0.186310949E+03
    82    237 1   0.757860775E+02   0.104880758E+03
    82    297 1   0.481870571E+00   0.242496228E+00
    82    298 1   0.577440335E+00   0.301298552E+00
    82    299 1   0.286172730E+01   0.205656481E+01
    82    304 1   0.403658738E+01   0.310746133E+01
    82    307 1   0.106532903E+01   0.628302831E+00
    82    308 1   0.382298179E+01   0.291119422E+01
    82    311 1   0.364848502E+01   0.275247628E+01
    83     87 1   0.374755472E+00   0.179343683E+00
    83     88 1   0.143367771E+01   0.897284870E+00
    83    189 1   0.176461013E+02   0.182459729E+02
    83    193 1   0.756283692E+01   0.660100689E+01
    83    194 1   0.237850393E+00   0.103932926E+00
    83    195 1   0.644115369E+00   0.343514361E+00
    83    196 1   0.878203456E-01   0.314414578E-01
    83    197 1   0.333508170E-01   0.983821428E-02
    83    198 1   0.299699716E+00   0.137155144E+00
    83    232 1   0.151703970E+02   0.152189553E+02
    83    299 1   0.666704595E+01   0.567425229E+01
    83    304 1   0.106525645E+02   0.995711470E+01
    84     87 1   0.220458902E+00   0.948815282E-01
    84     88 1   0.534434720E+00   0.274575701E+00
    84     89 1   0.428995155E+01   0.334296145E+01
    84    193 1   0.167319035E+02   0.171176020E+02
    84    194 1   0.231714555E+01   0.159636604E+01
    84    299 1   0.644559519E+00   0.343798625E+00
    84    304 1   0.576226162E+01   0.476321375E+01
    85     88 1   0.791850145E+00   0.440108853E+00
    85     90 1   0.446719215E+01   0.350937732E+01
    85    297 1   0.344339309E-01   0.102228604E-01
    85    298 1   0.612769713E-02   0.128808717E-02
    85    299 1   0.759420700E-02   0.166635458E-02
    85    300 1   0.188550418E+01   0.124652646E+01
    85    304 1   0.121991100E+01   0.739234590E+00
    85    307 1   0.392768063E+01   0.300712793E+01
    85    308 1   0.248124138E+01   0.173297111E+01
    85    311 1   0.175581380E+02   0.181368830E+02
    86     89 1   0.177769448E-01   0.462399176E-02
    86     90 1   0.741944393E-01   0.256823129E-01
    86     92 1   0.672277406E+01   0.573121529E+01
    86    296 1   0.419842151E+01   0.325755495E+01
    86    297 1   0.323906834E-01   0.949932261E-02
    87     90 1   0.778057358E-02   0.171554629E-02
    87     91 1   0.279745160E-01   0.796716116E-02
    87     92 1   0.636260898E+00   0.338493852E+00
    87    186 1   0.680700967E+03   0.146128910E+04
    87    196 1   0.281029596E+02   0.318926770E+02
    87    198 1   0.158627912E+02   0.160562467E+02
    87    200 1   0.220126519E+03   0.377046872E+03
    87    201 1   0.103657947E+03   0.152725525E+03
    87    226 1   0.374218048E+02   0.449715833E+02
    87    227 1   0.258615872E+01   0.182127159E+01
    87    228 1   0.418212470E+01   0.324238721E+01
    87    295 1   0.224112485E+01   0.153372595E+01
    87    297 1   0.139792635E-01   0.346552992E-02
    88     91 1   0.186747102E-01   0.490561147E-02
    88     92 1   0.170575205E-01   0.440035369E-02
    88     93 1   0.360614701E-01   0.108053942E-01
    88     94 1   0.168076051E+01   0.108591419E+01
    88    102 1   0.101756937E+01   0.594655359E+00
    88    183 1   0.309966175E+02   0.358728325E+02
    88    196 1   0.109955344E+02   0.103430379E+02
    89     92 1   0.135261221E-01   0.333116749E-02
    89     93 1   0.504156697E-03   0.643083182E-04
    89     94 1   0.264785333E+00   0.118211905E+00
    89    100 1   0.375254760E+00   0.179630449E+00
    89    102 1   0.370949295E-01   0.111780478E-01
    89    297 1   0.334168565E+01   0.247712097E+01
    90    102 1   0.696213575E-02   0.150134150E-02
    90    103 1   0.467216223E-01   0.147438193E-01
    90    105 1   0.941143968E+01   0.858174844E+01
    90    295 1   0.109394035E+01   0.648605871E+00
    90    296 1   0.291206623E+01   0.210005177E+01
    90    297 1   0.317758605E+00   0.147131373E+00
    90    298 1   0.848876754E+01   0.758231936E+01
    91    103 1   0.276084845E-02   0.494811273E-03
    91    104 1   0.243669837E-01   0.675072833E-02
    91    105 1   0.115067817E+01   0.689180773E+00
    91    107 1   0.657740451E+01   0.558282438E+01
    91    130 1   0.398421714E+03   0.768422554E+03
    91    176 1   0.701905500E+02   0.956583484E+02
    91    202 1   0.678944341E+02   0.919156603E+02
    91    204 1   0.357048845E+02   0.425071182E+02
    91    225 1   0.290414732E+01   0.209320072E+01
    91    226 1   0.577939876E+01   0.478021793E+01
    91    227 1   0.120238549E+01   0.726508965E+00
    91    295 1   0.174231307E+01   0.113380910E+01
    91    297 1   0.281116518E+01   0.201303878E+01
    92     95 1   0.424182214E+00   0.208090115E+00
    92    100 1   0.195789348E+01   0.130417351E+01
    92    101 1   0.447099587E-01   0.139853592E-01
    92    102 1   0.206025915E-02   0.348252888E-03
    92    104 1   0.869513904E-02   0.196029007E-02
    92    105 1   0.535582961E-01   0.173692316E-01
    92    106 1   0.116464078E+01   0.699228136E+00
    92    130 1   0.412839393E+03   0.801910429E+03
    92    176 1   0.630631480E+01   0.530785780E+01
    92    179 1   0.554187895E+01   0.454545064E+01
    92    180 1   0.193020920E+02   0.203195348E+02
    92    183 1   0.304790863E+02   0.351553023E+02
    92    227 1   0.146517437E+02   0.145967335E+02
    93    100 1   0.186258233E-01   0.489020515E-02
    93    101 1   0.713589482E-03   0.975723201E-04
    93    102 1   0.180205172E-02   0.296557701E-03
    93    105 1   0.465340605E+00   0.232548555E+00
    93    176 1   0.415707587E+02   0.510192470E+02
    94     97 1   0.237514602E-01   0.654661619E-02
    94    100 1   0.245656111E-01   0.681681630E-02
    94    101 1   0.301957411E-02   0.550964142E-03
    94    176 1   0.178501547E+02   0.184994529E+02
    95    101 1   0.632760899E-02   0.133867781E-02
    95    102 1   0.645401046E+00   0.344337325E+00
    95    105 1   0.561480813E-01   0.183819004E-01
    95    108 1   0.943755238E+01   0.861032916E+01
    95    109 1   0.727572949E+01   0.630144799E+01
    95    172 1   0.174725775E+02   0.180308780E+02
    95    173 1   0.736107477E+01   0.639025191E+01
    95    176 1   0.244529855E+01   0.170289069E+01
    97    100 1   0.509927890E-02   0.103323480E-02
    97    101 1   0.294995794E-01   0.849116914E-02
    97    106 1   0.189323972E+02   0.198534155E+02
    98    101 1   0.308723568E-01   0.896751778E-02
    98    106 1   0.270938655E+01   0.192589972E+01
    98    109 1   0.127654970E+02   0.123718252E+02
    99    106 1   0.737814671E+01   0.640804050E+01
   101    105 1   0.549931376E-01   0.179291088E-01
   101    106 1   0.138240713E+00   0.541940570E-01
   101    109 1   0.876036419E+01   0.787435695E+01
   102    105 1   0.396138069E-01   0.120949590E-01
   102    106 1   0.392662428E-01   0.119677283E-01
   102    107 1   0.121356490E+01   0.734622307E+00
   103    106 1   0.143340693E-01   0.357134580E-02
   103    107 1   0.407471023E-01   0.125113617E-01
   103    206 1   0.109462970E+03   0.163045635E+03
   103    223 1   0.458515319E+02   0.573869474E+02
   103    225 1   0.297136724E+01   0.215147400E+01
   103    293 1   0.194748445E+02   0.205379599E+02
   103    295 1   0.517501869E+01   0.418680574E+01
   103    297 1   0.477812907E+02   0.602973126E+02
   104    107 1   0.856909617E-02   0.192624056E-02
   104    108 1   0.545479915E-01   0.177550958E-01
   104    109 1   0.138785142E+01   0.862978689E+00
   104    111 1   0.859176179E+01   0.769284845E+01
   104    130 1   0.953914778E+02   0.138229264E+03
   104    172 1   0.111369473E+02   0.105028678E+02
   104    175 1   0.304227059E+01   0.221322675E+01
   104    176 1   0.144460660E+01   0.905499088E+00
   104    179 1   0.368491915E+01   0.278549293E+01
   104    204 1   0.611816296E+01   0.511839446E+01
   104    206 1   0.115108743E+02   0.109274412E+02
   104    223 1   0.159517586E+02   0.161643702E+02
   104    225 1   0.897468696E+00   0.511460001E+00
   104    227 1   0.138248932E+02   0.136139028E+02
   105    108 1   0.539758449E-02   0.110618520E-02
   105    109 1   0.391379273E-01   0.119208134E-01
   105    172 1   0.101329412E+01   0.591658529E+00
   105    176 1   0.352551538E+00   0.166669311E+00
   105    179 1   0.890565436E+01   0.803133066E+01
   106    109 1   0.413896766E-02   0.804375703E-03
   106    110 1   0.449121942E-01   0.140613051E-01
   107    110 1   0.843402803E-02   0.188986400E-02
   107    111 1   0.241062651E-01   0.666414470E-02
   107    112 1   0.886026439E+00   0.503644994E+00
   107    175 1   0.791055622E+01   0.696685753E+01
   107    204 1   0.506424555E+02   0.646556095E+02
   107    206 1   0.685054761E+01   0.586217597E+01
   107    223 1   0.465586182E+01   0.368798039E+01
   107    224 1   0.220122899E+02   0.237895799E+02
   107    225 1   0.663375115E+01   0.564026508E+01
   108    111 1   0.808589377E-02   0.179664446E-02
   108    112 1   0.323236602E-01   0.947574015E-02
   108    113 1   0.915853956E+00   0.524058748E+00
   108    126 1   0.145468271E+02   0.144713963E+02
   108    172 1   0.240611234E-01   0.664917226E-02
   108    175 1   0.199249902E+00   0.840361687E-01
   108    176 1   0.739145092E+00   0.405195059E+00
   108    179 1   0.258644613E+02   0.288690590E+02
   108    204 1   0.561929086E+02   0.732497790E+02
   108    206 1   0.448653786E+01   0.352762254E+01
   108    225 1   0.315808704E+02   0.366857513E+02
   109    112 1   0.105565375E-01   0.247408319E-02
   109    113 1   0.318592954E-01   0.931262046E-02
   109    116 1   0.711562860E+01   0.613542188E+01
   109    172 1   0.141914506E+00   0.559268879E-01
   110    113 1   0.582303400E-02   0.121162352E-02
   110    114 1   0.263440988E-01   0.741324785E-02
   111    114 1   0.620810245E-02   0.130839584E-02
   111    115 1   0.736560040E-01   0.254588211E-01
   111    124 1   0.787921994E+01   0.693375308E+01
   111    126 1   0.362148126E+01   0.272804792E+01
   111    169 1   0.286183756E+02   0.325958627E+02
   111    172 1   0.120429775E+01   0.727895698E+00
   111    175 1   0.115090179E+02   0.109253264E+02
   111    206 1   0.573145336E+01   0.473266996E+01
   111    208 1   0.134105801E+01   0.828181607E+00
   111    221 1   0.101229490E+02   0.936606054E+01
   111    223 1   0.888696397E+01   0.801110838E+01
   111    225 1   0.124264340E+03   0.189847257E+03
   112    115 1   0.335493467E-02   0.625186203E-03
   112    116 1   0.483910425E-01   0.153782345E-01
   112    124 1   0.454965625E+01   0.358725959E+01
   112    126 1   0.445165181E+01   0.349473243E+01
   112    128 1   0.131106346E+03   0.202458941E+03
   112    169 1   0.105684220E+02   0.986281026E+01
   112    170 1   0.203205108E+01   0.136367239E+01
   112    171 1   0.448635068E+00   0.222566791E+00
   112    172 1   0.653499577E-01   0.220537718E-01
   112    175 1   0.617706222E+01   0.517758068E+01
   112    206 1   0.366917754E+02   0.439208742E+02
   113    116 1   0.317815518E-02   0.585866442E-03
   113    117 1   0.304919802E-01   0.883509570E-02
   113    118 1   0.144869109E+01   0.908572211E+00
   113    172 1   0.304512834E+01   0.221572178E+01
   114    117 1   0.764809913E-02   0.168055494E-02
   114    118 1   0.898307219E-01   0.323071295E-01
   114    119 1   0.541980086E+01   0.442556271E+01
   114    122 1   0.166641154E+02   0.170344149E+02
   114    124 1   0.448575243E+01   0.352688147E+01
   114    208 1   0.147889323E+02   0.147608949E+02
   114    210 1   0.116130975E+02   0.110439947E+02
   115    118 1   0.291877379E-01   0.838357065E-02
   115    119 1   0.606990694E+00   0.319894625E+00
   115    122 1   0.257662404E+01   0.181321695E+01
   115    124 1   0.159259915E+00   0.642267991E-01
   115    126 1   0.622807305E+01   0.522893137E+01
   115    169 1   0.460861357E+02   0.577394785E+02
   115    170 1   0.672438543E+01   0.573286377E+01
   115    208 1   0.749593901E+01   0.653100110E+01
   115    209 1   0.134599424E+02   0.131837921E+02
   116    119 1   0.374922006E+00   0.179439323E+00
   116    170 1   0.267535598E+02   0.300639746E+02
   116    171 1   0.138720306E+02   0.136696234E+02
   116    172 1   0.177467284E+02   0.183709014E+02
   116    173 1   0.222473570E+03   0.381876217E+03
   117    124 1   0.241135340E+02   0.265400380E+02
   118    121 1   0.717972893E+00   0.391307491E+00
   118    122 1   0.399979134E+00   0.193924779E+00
   118    124 1   0.382507745E+01   0.291310933E+01
   118    210 1   0.872887294E+01   0.784040163E+01
   119    122 1   0.155319198E+00   0.623244808E-01
   119    124 1   0.457640060E+01   0.361257893E+01
   119    214 1   0.228439933E+02   0.248722419E+02
   120    123 1   0.841003002E-01   0.298500841E-01
   120    211 1   0.902447231E+01   0.816008502E+01
   120    213 1   0.634895274E+00   0.337622217E+00
   120    214 1   0.245016792E+01   0.170696070E+01
   121    124 1   0.247708147E+01   0.172948521E+01
   121    210 1   0.178985810E+01   0.117103756E+01
   121    211 1   0.908869274E+00   0.519266386E+00
   121    212 1   0.156783908E-01   0.397695142E-02
   121    213 1   0.107134446E-01   0.251827675E-02
   121    214 1   0.226536682E-01   0.618521423E-02
   121    215 1   0.867668846E+00   0.491149051E+00
   121    219 1   0.212861722E+02   0.228510199E+02
   122    210 1   0.721290647E-02   0.156646561E-02
   122    211 1   0.118169026E-01   0.283264983E-02
   122    212 1   0.934230333E-03   0.134813462E-03
   122    217 1   0.401664945E+01   0.308905201E+01
   122    219 1   0.870161025E+00   0.492842392E+00
   123    209 1   0.328114354E+00   0.152903976E+00
   123    210 1   0.411096331E-02   0.797849220E-03
   123    211 1   0.652979049E-02   0.139016900E-02
   123    213 1   0.102084011E+00   0.376649827E-01
   124    169 1   0.756423954E+01   0.660247601E+01
   124    170 1   0.261722000E+01   0.184755247E+01
   124    208 1   0.182650487E+00   0.757065589E-01
   124    209 1   0.130311848E-01   0.318543822E-02
   124    210 1   0.549494324E-03   0.713090018E-04
   124    220 1   0.180985074E+01   0.118675157E+01
   125    168 1   0.252783939E+00   0.111811861E+00
   125    169 1   0.380347422E+00   0.182559768E+00
   125    170 1   0.432967221E+00   0.213272336E+00
   125    207 1   0.911534093E+00   0.521093917E+00
   125    208 1   0.423185940E-01   0.130926024E-01
   125    209 1   0.342017550E-02   0.639803445E-03
   125    211 1   0.616600605E+00   0.325981715E+00
   125    219 1   0.978062462E+01   0.898728291E+01
   126    167 1   0.873490871E+00   0.495106409E+00
   126    168 1   0.359093556E-01   0.107507221E-01
   126    169 1   0.152626201E-01   0.385073311E-02
   126    170 1   0.178966529E+00   0.738779240E-01
   126    175 1   0.447190394E+01   0.351381962E+01
   126    204 1   0.675770123E+02   0.914002299E+02
   126    205 1   0.725879523E+01   0.628385215E+01
   126    206 1   0.133116945E+00   0.517926954E-01
   126    207 1   0.180965818E-01   0.472393990E-02
   126    208 1   0.118614595E-02   0.179537123E-03
   126    209 1   0.165521101E-01   0.424436324E-02
   127    160 1   0.591104316E+02   0.778368874E+02
   127    166 1   0.368521524E-01   0.110903163E-01
   127    167 1   0.908851026E-02   0.206718691E-02
   127    168 1   0.135835487E-02   0.211253735E-03
   127    169 1   0.168942009E-01   0.434984408E-02
   127    205 1   0.889699897E+00   0.506151761E+00
   127    206 1   0.422352990E-01   0.130616846E-01
   127    207 1   0.616371391E-02   0.129717769E-02
   127    208 1   0.706964858E-01   0.242362763E-01
   127    209 1   0.463772489E+00   0.231608494E+00
   128    140 1   0.384091829E+02   0.463992099E+02
   128    142 1   0.742222724E+01   0.645400950E+01
   128    164 1   0.544811962E+01   0.445332576E+01
   128    165 1   0.837406661E+00   0.470665318E+00
   128    166 1   0.143197940E-01   0.356707817E-02
   128    167 1   0.616595566E-02   0.129774385E-02
   128    169 1   0.108261734E+00   0.404164793E-01
   128    174 1   0.821132521E+01   0.728592015E+01
   128    175 1   0.701186895E+00   0.380354933E+00
   128    178 1   0.223586197E+01   0.152940495E+01
   128    179 1   0.924399160E+01   0.839885250E+01
   128    204 1   0.235861731E+00   0.102891022E+00
   128    205 1   0.191244266E-01   0.504771250E-02
   128    206 1   0.231904911E-02   0.401384352E-03
   128    207 1   0.259593230E-01   0.728350695E-02
   128    208 1   0.865511382E+00   0.489683921E+00
   129    140 1   0.986951422E+00   0.573249172E+00
   129    142 1   0.442086531E+00   0.218674048E+00
   129    149 1   0.393641909E+02   0.477870365E+02
   129    161 1   0.126325133E+01   0.770861263E+00
   129    164 1   0.995157027E-01   0.365307375E-01
   129    165 1   0.301089675E-01   0.870208937E-02
   129    166 1   0.344394269E-02   0.645142426E-03
   129    203 1   0.826555816E+00   0.463356359E+00
   129    204 1   0.401539260E-01   0.122931200E-01
   129    205 1   0.157858586E-01   0.400968591E-02
   129    206 1   0.156926721E+00   0.630993354E-01
   129    207 1   0.902163856E+00   0.514672558E+00
   129    224 1   0.578841887E+01   0.478917211E+01
   130    139 1   0.214901084E+01   0.145839388E+01
   130    140 1   0.782987005E-01   0.273964297E-01
   130    141 1   0.109118367E-01   0.257434017E-02
   130    142 1   0.524498627E-01   0.169387645E-01
   130    149 1   0.348252981E+02   0.412536438E+02
   130    164 1   0.465106851E+00   0.232408383E+00
   130    165 1   0.401784203E+00   0.194975451E+00
   130    167 1   0.198496736E+01   0.132584437E+01
   130    175 1   0.127424410E+02   0.123450161E+02
   130    178 1   0.114657302E+01   0.686231370E+00
   130    179 1   0.785595469E+00   0.435940550E+00
   130    182 1   0.175898378E+00   0.723606910E-01
   130    183 1   0.353862706E+01   0.265332383E+01
   130    185 1   0.103693565E+02   0.964030272E+01
   130    186 1   0.743073719E+01   0.646289032E+01
   130    202 1   0.285204598E+00   0.129233865E+00
   130    203 1   0.424761727E-01   0.131511266E-01
   130    204 1   0.368682642E-02   0.700118789E-03
   130    205 1   0.100685818E+00   0.370467801E-01
   130    225 1   0.538054987E+01   0.438712993E+01
   130    227 1   0.113599313E+02   0.107557166E+02
   131    138 1   0.955612377E-01   0.347957837E-01
   131    139 1   0.243260392E-01   0.673711849E-02
   131    140 1   0.244305303E-02   0.427275486E-03
   131    141 1   0.369256867E-02   0.701427520E-03
   131    142 1   0.272433804E+00   0.122321190E+00
   131    149 1   0.314011575E+01   0.229891700E+01
   131    151 1   0.245311574E+02   0.270925667E+02
   131    159 1   0.151429437E+03   0.240680482E+03
   131    161 1   0.204439819E+01   0.137362153E+01
   131    164 1   0.303254616E+00   0.139109698E+00
   131    165 1   0.185421076E+01   0.122174177E+01
   131    166 1   0.759072590E+01   0.663022818E+01
   131    201 1   0.168044713E+01   0.108567122E+01
   131    202 1   0.197127967E-01   0.523463490E-02
   131    203 1   0.146481773E-01   0.366546275E-02
   131    205 1   0.148378313E+01   0.935046088E+00
   131    224 1   0.236597850E+02   0.259418806E+02
   131    281 1   0.164889955E+02   0.168198277E+02
   131    282 1   0.751772668E+02   0.103870529E+03
   132    137 1   0.950429323E+00   0.547888640E+00
   132    138 1   0.221234746E-01   0.601191052E-02
   132    139 1   0.854492035E-02   0.191972105E-02
   132    140 1   0.645948484E-01   0.217483325E-01
   132    141 1   0.445543770E-01   0.139269801E-01
   132    149 1   0.939896125E+01   0.856809621E+01
   132    182 1   0.342354011E+01   0.255011055E+01
   132    185 1   0.459300481E+01   0.362831333E+01
   132    186 1   0.281143637E+00   0.127028864E+00
   132    187 1   0.737628924E+00   0.404197879E+00
   132    188 1   0.111125508E+02   0.104752649E+02
   132    199 1   0.298463825E+01   0.216301008E+01
   132    200 1   0.264242251E-01   0.744031319E-02
   132    201 1   0.310515451E-01   0.903001271E-02
   132    202 1   0.738720348E-03   0.101710216E-03
   132    203 1   0.503272083E-01   0.161195128E-01
   133    136 1   0.359149188E-01   0.107527208E-01
   133    137 1   0.196081364E-01   0.520130219E-02
   133    138 1   0.226776542E-02   0.390756543E-03
   133    139 1   0.417556969E-01   0.128839013E-01
   133    187 1   0.270746330E+01   0.192425932E+01
   133    199 1   0.153750867E+01   0.975819720E+00
   133    200 1   0.132722640E-01   0.325628583E-02
   133    201 1   0.169793739E-01   0.437617329E-02
   133    202 1   0.420830290E-01   0.130051957E-01
   133    203 1   0.742480586E+00   0.407390246E+00
   133    226 1   0.157655731E+02   0.159382347E+02
   133    229 1   0.860694943E+01   0.770916969E+01
   133    246 1   0.966776165E+01   0.886297707E+01
   133    249 1   0.389434092E+01   0.297652316E+01
   133    250 1   0.340785689E+01   0.253609853E+01
   133    253 1   0.677989514E+01   0.578970020E+01
   133    276 1   0.161205367E+02   0.163698199E+02
   133    277 1   0.102752304E+01   0.601642336E+00
   133    278 1   0.547875245E+00   0.282882784E+00
   133    281 1   0.112815706E+02   0.106667467E+02
   133    282 1   0.637210129E+02   0.851780530E+02
   134    137 1   0.173370009E-01   0.448701239E-02
   134    139 1   0.913365746E-01   0.329581001E-01
   134    147 1   0.582982729E+01   0.483031363E+01
   134    186 1   0.267048061E+01   0.189276117E+01
   134    187 1   0.212250145E+00   0.906579924E-01
   134    188 1   0.524024559E+01   0.425021083E+01
   134    189 1   0.262202128E+02   0.293462057E+02
   134    199 1   0.178614161E+00   0.737034082E-01
   134    200 1   0.965711080E-02   0.222333631E-02
   134    201 1   0.343422627E+00   0.161503966E+00
   134    202 1   0.154861974E+01   0.984288140E+00
   134    242 1   0.494072221E+02   0.627678175E+02
   134    245 1   0.864449911E+01   0.774954678E+01
   134    246 1   0.540320576E+00   0.278208446E+00
   134    249 1   0.132802250E+01   0.818530798E+00
   134    250 1   0.263469831E+01   0.186236832E+01
   135    139 1   0.312949333E+01   0.228958800E+01
   135    199 1   0.152147749E+01   0.963622964E+00
   135    242 1   0.659919924E+01   0.560503066E+01
   135    245 1   0.390016073E+00   0.188142760E+00
   135    246 1   0.649793260E-01   0.219037638E-01
   135    248 1   0.511187726E+01   0.412557992E+01
   135    249 1   0.145401266E+00   0.575798234E-01
   135    250 1   0.220623890E+01   0.150512147E+01
   136    148 1   0.146570872E+01   0.921394701E+00
   136    149 1   0.143295023E+02   0.142123480E+02
   136    199 1   0.186931146E+02   0.195526896E+02
   136    248 1   0.148460894E+02   0.148293799E+02
   136    249 1   0.286448682E+00   0.129910633E+00
   136    252 1   0.143343778E+02   0.142181510E+02
   136    253 1   0.450949744E+01   0.354929648E+01
   136    277 1   0.384299312E+00   0.184838329E+00
   136    281 1   0.645072279E+02   0.864407564E+02
   137    146 1   0.304521196E+01   0.221579479E+01
   137    147 1   0.114508435E+00   0.432308203E-01
   137    148 1   0.610796172E-02   0.128311054E-02
   137    277 1   0.168985589E+01   0.109296966E+01
   137    281 1   0.470021704E+02   0.591193975E+02
   138    146 1   0.910774062E+00   0.520572579E+00
   138    147 1   0.220013517E+00   0.946515521E-01
   138    148 1   0.434784673E-02   0.853331102E-03
   138    149 1   0.197103080E-01   0.523384187E-02
   138    150 1   0.113149526E+01   0.675416693E+00
   138    151 1   0.283803516E+01   0.203615029E+01
   138    161 1   0.251287346E+01   0.175951611E+01
   138    162 1   0.929155594E+01   0.845073803E+01
   138    164 1   0.234818995E+01   0.162206545E+01
   138    203 1   0.532313594E+01   0.433101385E+01
   138    277 1   0.231939548E+01   0.159822630E+01
   138    280 1   0.417625382E+02   0.513018193E+02
   138    281 1   0.960981506E+01   0.879926788E+01
   139    144 1   0.707196201E+00   0.384269935E+00
   139    145 1   0.677993729E+00   0.365308112E+00
   139    146 1   0.459076130E-01   0.144361092E-01
   139    147 1   0.896773285E-01   0.322409402E-01
   139    161 1   0.135194163E+02   0.132537274E+02
   139    164 1   0.112741946E+01   0.672498216E+00
   139    185 1   0.455034197E+01   0.358790841E+01
   139    187 1   0.275063572E+01   0.196113820E+01
   139    200 1   0.380716979E+01   0.289675122E+01
   140    143 1   0.135219963E-01   0.332994821E-02
   140    144 1   0.922367182E-01   0.333482551E-01
   140    145 1   0.656424115E+00   0.351406618E+00
   140    146 1   0.115843271E+00   0.438362586E-01
   140    149 1   0.568533325E+00   0.295730158E+00
   140    161 1   0.526809789E+01   0.427733344E+01
   140    163 1   0.965475141E+00   0.558313101E+00
   140    164 1   0.273518744E-01   0.775484312E-02
   140    165 1   0.230825497E+00   0.100260309E+00
   140    185 1   0.184140057E+01   0.121161999E+01
   141    144 1   0.245552319E+00   0.107984483E+00
   141    165 1   0.156817416E+01   0.999221240E+00
   141    167 1   0.295548838E+02   0.338800163E+02
   141    178 1   0.286212848E+01   0.205691078E+01
   141    179 1   0.182129874E+01   0.119576525E+01
   141    181 1   0.606221742E+00   0.319408386E+00
   141    182 1   0.439082487E-02   0.863463217E-03
   141    184 1   0.110052987E+01   0.653297060E+00
   141    185 1   0.263774830E-01   0.742452246E-02
   141    186 1   0.522317298E-01   0.168542641E-01
   141    200 1   0.109691948E+02   0.103133131E+02
   141    201 1   0.218501003E+02   0.235793933E+02
   141    202 1   0.105783350E+01   0.623001778E+00
   141    203 1   0.325581794E+01   0.240093630E+01
   141    227 1   0.561526814E+02   0.731868581E+02
   142    164 1   0.643459998E+00   0.343094983E+00
   142    165 1   0.692674190E-01   0.236495734E-01
   142    167 1   0.194465754E+01   0.129360076E+01
   142    169 1   0.931800978E+02   0.134392892E+03
   142    178 1   0.387739948E+00   0.186825934E+00
   142    179 1   0.182002911E+01   0.119476504E+01
   142    181 1   0.174452565E+00   0.716475484E-01
   142    182 1   0.160527294E-01   0.409116662E-02
   142    185 1   0.300956444E+00   0.137845591E+00
   142    204 1   0.134272421E+02   0.131453661E+02
   143    146 1   0.440369577E+00   0.217655313E+00
   143    149 1   0.267539904E+02   0.300645553E+02
   143    165 1   0.825101100E-01   0.291740755E-01
   143    167 1   0.123571368E+02   0.118984374E+02
   143    181 1   0.407480218E+01   0.314279707E+01
   143    185 1   0.147201506E+01   0.926154004E+00
   144    181 1   0.128747792E+02   0.124990283E+02
   144    185 1   0.544559720E+00   0.280829755E+00
   146    149 1   0.455873448E+00   0.226882846E+00
   146    162 1   0.324330585E+02   0.378768619E+02
   146    163 1   0.148256892E+01   0.934127968E+00
   146    164 1   0.258263358E+01   0.181829295E+01
   146    165 1   0.164361069E+02   0.167551088E+02
   148    151 1   0.381569088E+01   0.290453307E+01
   148    161 1   0.684392520E+01   0.585537628E+01
   148    162 1   0.416967387E+01   0.323080696E+01
   148    163 1   0.814199509E+00   0.455056694E+00
   148    277 1   0.301669531E+02   0.347237197E+02
   149    160 1   0.556245067E+01   0.456570567E+01
   149    161 1   0.797032728E-01   0.279872283E-01
   149    162 1   0.272296152E-01   0.771326601E-02
   149    163 1   0.784719800E-02   0.173318945E-02
   149    164 1   0.108096668E+00   0.403425430E-01
   149    277 1   0.236231686E+02   0.258937102E+02
   150    160 1   0.619598298E+00   0.327884407E+00
   150    161 1   0.251242036E-01   0.700324419E-02
   150    162 1   0.570878545E-02   0.118315316E-02
   150    277 1   0.157464015E+02   0.159149797E+02
   151    158 1   0.266821648E+01   0.189083564E+01
   151    159 1   0.179105153E-01   0.466571494E-02
   151    160 1   0.907454555E-02   0.206337596E-02
   151    161 1   0.107709081E-02   0.159915768E-03
   151    162 1   0.226044055E-01   0.616907728E-02
   151    224 1   0.305996696E+03   0.559820231E+03
   151    277 1   0.311021115E+01   0.227266986E+01
   151    280 1   0.101542584E+01   0.593152491E+00
   151    281 1   0.998865888E-01   0.366941745E-01
   152    158 1   0.312690224E+00   0.144319717E+00
   152    159 1   0.593341407E-02   0.123923620E-02
   152    160 1   0.640425569E-02   0.135815989E-02
   152    162 1   0.114559319E+00   0.432538742E-01
   152    280 1   0.575361425E+01   0.475463731E+01
   153    157 1   0.211158046E-02   0.358688676E-03
   153    158 1   0.240908017E-02   0.420155455E-03
   153    159 1   0.133034527E-02   0.206037251E-03
   153    274 1   0.303683774E+02   0.350021248E+02
   153    280 1   0.471214718E+01   0.374154626E+01
   153    283 1   0.402343546E+01   0.309531571E+01
   154    157 1   0.163682586E-02   0.264235690E-03
   154    158 1   0.100203387E-01   0.232406027E-02
   154    160 1   0.241374996E+00   0.105783819E+00
   154    222 1   0.336096549E+03   0.626535045E+03
   156    222 1   0.223631470E+03   0.384262502E+03
   156    284 1   0.112652118E+02   0.106481887E+02
   157    274 1   0.821922380E+02   0.115607357E+03
   157    280 1   0.283534748E+02   0.322341374E+02
   157    283 1   0.413052924E+01   0.319444448E+01
   157    284 1   0.230397732E+01   0.158548575E+01
   158    222 1   0.226091052E+02   0.245656666E+02
   158    224 1   0.118593508E+03   0.179498822E+03
   158    281 1   0.131502040E+01   0.808923571E+00
   158    283 1   0.354444796E+00   0.167743936E+00
   158    284 1   0.112989998E+00   0.425438224E-01
   158    285 1   0.348930236E+01   0.260900451E+01
   159    205 1   0.264143329E+02   0.296071143E+02
   159    207 1   0.646641614E+02   0.866931700E+02
   159    222 1   0.271777691E+02   0.306369177E+02
   159    224 1   0.464863651E+02   0.583417176E+02
   159    274 1   0.220038423E+02   0.237786247E+02
   159    280 1   0.493748566E+00   0.249686764E+00
   159    281 1   0.221634201E-01   0.602493878E-02
   159    283 1   0.254263462E+00   0.112597630E+00
   159    284 1   0.620615341E+00   0.328530362E+00
   159    285 1   0.455534461E+01   0.359264237E+01
   160    166 1   0.134547811E+02   0.131777259E+02
   160    205 1   0.812471793E+01   0.719380158E+01
   160    207 1   0.144662247E+02   0.143752283E+02
   160    222 1   0.197817293E+02   0.209269342E+02
   161    164 1   0.407651478E-01   0.125180110E-01
   161    165 1   0.258309644E+01   0.181868401E+01
   161    166 1   0.308520224E+01   0.225075835E+01
   161    203 1   0.999224189E+01   0.922112757E+01
   161    205 1   0.534364948E+01   0.435104985E+01
   161    224 1   0.619122178E+02   0.822848984E+02
   161    281 1   0.470626784E+00   0.235722192E+00
   162    166 1   0.329606785E+01   0.243659796E+01
   163    166 1   0.232232761E+01   0.160065114E+01
   165    178 1   0.179940889E+02   0.186786007E+02
   166    205 1   0.326823938E+01   0.241193242E+01
   166    207 1   0.301147905E+01   0.218637332E+01
   167    174 1   0.279208070E+01   0.199665056E+01
   167    177 1   0.232131599E+02   0.253553506E+02
   167    178 1   0.127243434E+01   0.777590528E+00
   167    181 1   0.593923113E+02   0.782825161E+02
   167    182 1   0.342949649E+02   0.405009247E+02
   167    185 1   0.610843953E+03   0.128323099E+04
   167    204 1   0.218411898E+02   0.235678549E+02
   167    206 1   0.340150250E+01   0.253042493E+01
   168    174 1   0.384635211E+01   0.293256300E+01
   168    209 1   0.893683827E+01   0.806508933E+01
   169    174 1   0.577448916E-01   0.190109924E-01
   169    175 1   0.749345640E-01   0.259900506E-01
   169    178 1   0.268135454E+01   0.190201350E+01
   169    204 1   0.880649264E+02   0.125589137E+03
   169    206 1   0.263830400E+01   0.186542721E+01
   169    207 1   0.443883245E+01   0.348265943E+01
   170    174 1   0.115580886E+00   0.437171386E-01
   170    175 1   0.654136628E+00   0.349937645E+00
   171    174 1   0.650649377E-02   0.138421938E-02
   171    175 1   0.113349433E+00   0.427062782E-01
   171    177 1   0.589904622E+01   0.489921685E+01
   172    175 1   0.707323602E-02   0.153013688E-02
   172    176 1   0.733572395E-01   0.253349517E-01
   173    176 1   0.598062295E-02   0.125107749E-02
   173    177 1   0.456240717E-01   0.143291805E-01
   174    177 1   0.793047527E-02   0.175528468E-02
   174    178 1   0.486203654E-01   0.154657280E-01
   174    181 1   0.145458502E+02   0.144702300E+02
   174    204 1   0.191385025E+03   0.318770444E+03
   175    178 1   0.137911757E-01   0.340965198E-02
   175    179 1   0.138209619E+00   0.541794294E-01
   175    204 1   0.124999895E+02   0.120636876E+02
   175    206 1   0.276342290E+01   0.197208362E+01
   175    225 1   0.840929289E+02   0.118822826E+03
   176    179 1   0.108202165E-01   0.254842376E-02
   176    180 1   0.109159332E+00   0.408189235E-01
   176    183 1   0.121191363E+02   0.116239707E+02
   176    204 1   0.358900222E+02   0.427717457E+02
   177    180 1   0.732593061E-02   0.159596684E-02
   177    181 1   0.997149974E-01   0.366185449E-01
   177    182 1   0.120435381E+01   0.727936363E+00
   178    181 1   0.151328649E-01   0.381148213E-02
   178    182 1   0.311820358E-01   0.907556899E-02
   178    204 1   0.995308940E+01   0.917778733E+01
   179    182 1   0.367315626E-02   0.697004831E-03
   179    183 1   0.227853456E-01   0.622838210E-02
   179    184 1   0.811076768E+00   0.452963136E+00
   179    204 1   0.238905023E+01   0.165599432E+01
   179    225 1   0.391126244E+02   0.474207974E+02
   179    227 1   0.363530364E+02   0.434347507E+02
   180    183 1   0.956857037E-02   0.219889742E-02
   180    184 1   0.378011793E-01   0.114339140E-01
   181    184 1   0.524514696E-02   0.106880308E-02
   181    185 1   0.574065625E-01   0.188774076E-01
   182    185 1   0.885721901E-02   0.200421987E-02
   182    186 1   0.670632084E-01   0.227493869E-01
   182    202 1   0.604624503E+01   0.504628060E+01
   183    186 1   0.695037753E-02   0.149829931E-02
   183    188 1   0.172540298E+01   0.112061687E+01
   183    196 1   0.111234821E+02   0.104876314E+02
   183    202 1   0.456696027E+01   0.360363822E+01
   183    227 1   0.174822370E+02   0.180428404E+02
   184    188 1   0.231384954E+01   0.159364154E+01
   186    196 1   0.736065020E+01   0.638980962E+01
   186    197 1   0.955085739E+01   0.873452589E+01
   186    198 1   0.967674987E+00   0.559839996E+00
   186    199 1   0.166559902E+01   0.107417008E+01
   186    200 1   0.518439650E+00   0.264744139E+00
   186    201 1   0.689470516E+01   0.590754914E+01
   186    202 1   0.161318894E+01   0.103373873E+01
   186    227 1   0.290405001E+02   0.331736618E+02
   186    229 1   0.443308953E+02   0.551107482E+02
   187    197 1   0.156273463E+01   0.995063479E+00
   187    198 1   0.167323882E+00   0.681487700E-01
   187    199 1   0.460426312E-01   0.144870735E-01
   187    200 1   0.703969207E-01   0.241130918E-01
   187    242 1   0.106180541E+03   0.157196338E+03
   187    246 1   0.101232766E+02   0.936642431E+01
   188    194 1   0.633339914E+01   0.533522494E+01
   188    195 1   0.101742193E+01   0.594551966E+00
   188    196 1   0.321489727E-01   0.941432146E-02
   188    197 1   0.113219660E-01   0.269088241E-02
   188    198 1   0.385684463E-02   0.739038522E-03
   188    199 1   0.184936172E-01   0.484858197E-02
   188    200 1   0.281161627E+00   0.127038618E+00
   189    194 1   0.654073016E+00   0.349896810E+00
   189    195 1   0.169011947E+00   0.689746318E-01
   189    196 1   0.737554650E-01   0.255000804E-01
   189    197 1   0.992970894E-02   0.229885895E-02
   189    199 1   0.126282711E+00   0.486184580E-01
   189    243 1   0.199710430E+01   0.133557844E+01
   189    246 1   0.734142384E+01   0.636978629E+01
   190    194 1   0.385669664E-01   0.117124319E-01
   190    195 1   0.201925628E-02   0.339952497E-03
   190    196 1   0.394874893E-01   0.120486927E-01
   190    197 1   0.645788487E-01   0.217418683E-01
   190    243 1   0.153072681E+02   0.153838745E+02
   191    194 1   0.612888853E-02   0.128838770E-02
   191    195 1   0.253362848E-01   0.707424379E-02
   191    197 1   0.660851474E+00   0.354252676E+00
   191    199 1   0.381635258E+02   0.460433265E+02
   191    237 1   0.884049838E+01   0.796087130E+01
   191    239 1   0.699018859E+01   0.600585959E+01
   191    243 1   0.839352359E+01   0.748034593E+01
   191    246 1   0.153569296E+03   0.244767513E+03
   192    195 1   0.109958871E+00   0.411779605E-01
   193    303 1   0.991607494E+02   0.144809237E+03
   193    304 1   0.141062430E+03   0.221045734E+03
   194    197 1   0.242048380E-01   0.669685846E-02
   194    199 1   0.222184408E+02   0.240571845E+02
   194    232 1   0.372402573E+02   0.447099014E+02
   194    236 1   0.538805685E+02   0.696477527E+02
   194    237 1   0.454682276E+01   0.358457882E+01
   194    303 1   0.160971914E+03   0.258993363E+03
   194    304 1   0.105325772E+03   0.155679019E+03
   197    200 1   0.238606972E+01   0.165351546E+01
   197    230 1   0.149826510E+01   0.946008199E+00
   197    232 1   0.117775022E+02   0.112318770E+02
   197    237 1   0.337158361E+02   0.396816046E+02
   197    243 1   0.149784336E+02   0.149881553E+02
   197    250 1   0.345949493E+02   0.409264187E+02
   198    201 1   0.430153882E+00   0.211610455E+00
   198    227 1   0.271983011E+01   0.193481139E+01
   198    228 1   0.126987230E+01   0.775712099E+00
   198    229 1   0.206256259E-01   0.552684223E-02
   198    230 1   0.297227781E+00   0.135798753E+00
   198    232 1   0.146017162E+02   0.145369464E+02
   198    246 1   0.564612025E+01   0.464824116E+01
   198    250 1   0.423037631E+01   0.328733002E+01
   199    202 1   0.306195558E+01   0.223042266E+01
   199    229 1   0.707901241E-01   0.242748029E-01
   199    230 1   0.918518718E+00   0.525889037E+00
   199    232 1   0.766950692E+01   0.671288854E+01
   199    239 1   0.116672612E+03   0.176015620E+03
   199    242 1   0.223521307E+02   0.242309933E+02
   199    243 1   0.192846089E+01   0.128068259E+01
   199    246 1   0.603920870E-01   0.200615530E-01
   199    247 1   0.293310737E+00   0.133654029E+00
   199    249 1   0.193292114E+01   0.128423785E+01
   199    250 1   0.237388167E+00   0.103690599E+00
   199    253 1   0.353640013E+02   0.420205935E+02
   200    227 1   0.956865565E+00   0.552343967E+00
   200    228 1   0.417280978E+00   0.204034124E+00
   200    229 1   0.430110714E-01   0.133501092E-01
   201    226 1   0.253961674E+00   0.112437278E+00
   201    227 1   0.209651118E-01   0.563618348E-02
   201    228 1   0.480888675E-02   0.963034761E-03
   201    229 1   0.100147245E-01   0.232249780E-02
   201    230 1   0.188552381E+01   0.124654204E+01
   201    250 1   0.279043914E+00   0.125891257E+00
   201    251 1   0.110055496E+02   0.103543439E+02
   201    253 1   0.163242356E+01   0.104854707E+01
   201    254 1   0.216095935E+01   0.146812968E+01
   201    257 1   0.241997722E+02   0.266539781E+02
   201    276 1   0.334974841E+02   0.393734192E+02
   201    278 1   0.802534628E+00   0.447244533E+00
   201    281 1   0.356205428E+02   0.423866548E+02
   201    282 1   0.472240745E+02   0.594544890E+02
   202    225 1   0.143736858E+01   0.900057552E+00
   202    226 1   0.340398162E-01   0.100826142E-01
   202    227 1   0.651832723E-02   0.138724093E-02
   202    228 1   0.128055158E+00   0.494384672E-01
   202    229 1   0.814133123E+00   0.455012171E+00
   202    278 1   0.269713555E+01   0.191545446E+01
   202    282 1   0.324012836E+02   0.378323363E+02
   203    223 1   0.811721201E+01   0.718582722E+01
   203    224 1   0.156018059E+00   0.626611480E-01
   203    225 1   0.529878430E-01   0.171474677E-01
   203    226 1   0.275160983E-02   0.492824996E-03
   203    227 1   0.511609590E-01   0.164404960E-01
   203    228 1   0.127183254E+01   0.777149236E+00
   203    277 1   0.252431197E+02   0.280388461E+02
   203    278 1   0.140991930E+01   0.879471174E+00
   203    281 1   0.219778121E+01   0.149820020E+01
   203    282 1   0.274438254E+01   0.195578937E+01
   203    285 1   0.277315633E+02   0.313875724E+02
   204    223 1   0.807554624E+00   0.450603742E+00
   204    224 1   0.269095508E-01   0.760459768E-02
   204    225 1   0.786532359E-02   0.173799458E-02
   204    226 1   0.439752754E-01   0.137100420E-01
   204    227 1   0.502505219E+00   0.255009991E+00
   204    282 1   0.209371756E+02   0.224021767E+02
   205    222 1   0.131851183E+00   0.512022849E-01
   205    223 1   0.249802827E-01   0.695513112E-02
   205    224 1   0.212202102E-02   0.360817940E-03
   205    281 1   0.108362272E+02   0.101634751E+02
   206    220 1   0.983669546E+01   0.904914558E+01
   206    221 1   0.674740747E+00   0.363205845E+00
   206    222 1   0.304149565E-01   0.880832119E-02
   206    223 1   0.681494803E-02   0.146333433E-02
   206    224 1   0.577248123E-01   0.190030600E-01
   206    225 1   0.543090797E+00   0.279920971E+00
   207    220 1   0.263366934E+00   0.117452428E+00
   207    221 1   0.312413874E-01   0.909630218E-02
   207    222 1   0.191027938E-02   0.318056862E-03
   207    224 1   0.927011680E+00   0.531729495E+00
   208    219 1   0.205930099E+01   0.138564602E+01
   208    220 1   0.211128728E-01   0.568388525E-02
   208    221 1   0.349393796E-02   0.656397218E-03
   208    222 1   0.320511734E-01   0.937996516E-02
   208    223 1   0.368068956E+00   0.175510673E+00
   209    217 1   0.186817658E+02   0.195384457E+02
   209    218 1   0.791980478E+00   0.440195781E+00
   209    219 1   0.714239865E-01   0.245358669E-01
   209    220 1   0.112432588E-02   0.168367845E-03
   210    217 1   0.337705524E+01   0.250861665E+01
   210    219 1   0.130258172E-01   0.318386379E-02
   210    220 1   0.202619610E-01   0.541011221E-02
   211    215 1   0.157155947E+01   0.100181029E+01
   211    216 1   0.222074325E+00   0.957164373E-01
   211    217 1   0.752646719E-01   0.261275033E-01
   211    218 1   0.509105117E-02   0.103123456E-02
   211    219 1   0.344539087E-02   0.645467979E-03
   212    215 1   0.152093194E-01   0.383460152E-02
   212    216 1   0.812903320E-02   0.180815302E-02
   212    217 1   0.270928389E-01   0.766679625E-02
   212    218 1   0.108455738E+00   0.405034059E-01
   212    219 1   0.111860248E+00   0.420338760E-01
   213    216 1   0.147946755E-01   0.370949709E-02
   215    219 1   0.420787923E+01   0.326636283E+01
   216    219 1   0.150447465E+01   0.950715019E+00
   222    284 1   0.111795954E+02   0.105511502E+02
   222    285 1   0.211459862E+01   0.143041494E+01
   222    290 1   0.253522780E+01   0.177831581E+01
   223    291 1   0.397581151E+01   0.305140215E+01
   224    278 1   0.352637696E+02   0.418777158E+02
   224    281 1   0.838899509E+01   0.747550321E+01
   224    282 1   0.116002766E+01   0.695905898E+00
   224    284 1   0.125708738E+02   0.121458262E+02
   224    285 1   0.399803173E+00   0.193822410E+00
   224    290 1   0.410288081E+01   0.316880259E+01
   226    257 1   0.284149647E+02   0.323180427E+02
   226    278 1   0.387735881E+01   0.296095423E+01
   226    281 1   0.147807989E+02   0.147511539E+02
   226    282 1   0.359267103E+01   0.270202552E+01
   226    285 1   0.107594941E+02   0.100771733E+02
   226    286 1   0.250880066E+02   0.278322227E+02
   227    278 1   0.181226097E+02   0.188388066E+02
   228    250 1   0.144241393E+01   0.903850067E+00
   228    253 1   0.442363896E+01   0.346835956E+01
   228    254 1   0.597215632E+00   0.313722671E+00
   228    257 1   0.742544790E+01   0.645737027E+01
   228    258 1   0.346277007E+02   0.409729176E+02
   228    278 1   0.747213104E+01   0.650611716E+01
   228    282 1   0.764960371E+02   0.106060880E+03
   228    294 1   0.622918344E+01   0.523005009E+01
   228    295 1   0.597764687E+01   0.497765520E+01
   228    296 1   0.460951815E+01   0.364397290E+01
   228    297 1   0.892947636E+01   0.805711744E+01
   228    314 1   0.709934301E+02   0.969728804E+02
   229    232 1   0.258409286E+01   0.181952590E+01
   229    250 1   0.996331671E-01   0.365824870E-01
   229    251 1   0.176342345E+01   0.115031409E+01
   229    254 1   0.839976542E+00   0.472399135E+00
   229    278 1   0.382347235E+02   0.461464236E+02
   229    311 1   0.215924659E+02   0.232461585E+02
   230    246 1   0.171779950E+02   0.176667015E+02
   230    247 1   0.183865118E+01   0.120944944E+01
   230    250 1   0.275770445E+00   0.124121143E+00
   230    251 1   0.678989453E+00   0.365952011E+00
   230    254 1   0.117539862E+01   0.706985838E+00
   230    311 1   0.130051491E+01   0.798227902E+00
   231    236 1   0.171383287E+02   0.176177591E+02
   231    237 1   0.195518371E+02   0.206354330E+02
   231    247 1   0.307068063E+00   0.141211505E+00
   231    251 1   0.137118244E-01   0.338612351E-02
   231    254 1   0.290440172E+00   0.132085920E+00
   231    255 1   0.200095844E+01   0.133867202E+01
   231    306 1   0.160393493E+02   0.162709383E+02
   231    307 1   0.742206560E+00   0.407209827E+00
   231    310 1   0.752118180E+00   0.413744094E+00
   231    311 1   0.462153697E+00   0.230638721E+00
   231    314 1   0.968003790E+01   0.887648397E+01
   232    236 1   0.414409320E+00   0.202350332E+00
   232    237 1   0.375141175E+00   0.179565205E+00
   232    239 1   0.897623657E+01   0.810777432E+01
   232    240 1   0.863573839E+02   0.122672687E+03
   232    243 1   0.102169584E+02   0.947053367E+01
   232    244 1   0.235278166E+01   0.162587239E+01
   232    246 1   0.391448354E+01   0.299500719E+01
   232    247 1   0.366201441E-01   0.110065843E-01
   232    250 1   0.589856201E+00   0.309089238E+00
   232    251 1   0.137287521E+00   0.537459544E-01
   232    307 1   0.122609274E+01   0.743732038E+00
   233    236 1   0.608410584E-02   0.127709915E-02
   233    237 1   0.702303220E-01   0.240446298E-01
   233    238 1   0.855190354E+00   0.482685060E+00
   233    239 1   0.403425015E+01   0.310530236E+01
   233    251 1   0.195756775E+01   0.130391315E+01
   233    306 1   0.539198341E+01   0.439831937E+01
   233    307 1   0.223296290E+01   0.152702559E+01
   233    309 1   0.620615497E+02   0.825231207E+02
   233    310 1   0.551548078E+01   0.451948089E+01
   233    311 1   0.353034829E+02   0.419343164E+02
   234    237 1   0.517344208E-02   0.105129358E-02
   234    238 1   0.736680017E-02   0.160665700E-02
   234    239 1   0.520631964E-01   0.167890258E-01
   234    240 1   0.202660330E+01   0.135928649E+01
   234    243 1   0.251113489E+01   0.175805540E+01
   234    244 1   0.148588288E+00   0.590976210E-01
   234    246 1   0.111528400E+02   0.105208558E+02
   234    247 1   0.384589227E+00   0.185005671E+00
   234    251 1   0.103543557E+02   0.962356974E+01
   235    238 1   0.106554720E-01   0.250193335E-02
   236    303 1   0.426444557E+02   0.526045845E+02
   236    304 1   0.195380960E+02   0.206180311E+02
   236    306 1   0.809812289E+01   0.716555345E+01
   236    307 1   0.847950814E+01   0.757239565E+01
   237    240 1   0.274681723E+01   0.195787165E+01
   237    243 1   0.442658033E+01   0.347112716E+01
   237    244 1   0.306149793E+01   0.223002262E+01
   237    247 1   0.564357013E+01   0.464572197E+01
   237    307 1   0.440438288E+02   0.546827797E+02
   239    243 1   0.448540278E-01   0.140394547E-01
   239    244 1   0.557752611E-01   0.182355320E-01
   239    247 1   0.309518163E+01   0.225949753E+01
   240    243 1   0.117949260E-01   0.282632935E-02
   240    244 1   0.340371798E-01   0.100816772E-01
   241    244 1   0.493171764E-02   0.992627603E-03
   241    245 1   0.433196869E-01   0.134651400E-01
   241    246 1   0.177720123E+01   0.116110750E+01
   241    248 1   0.809402062E+01   0.716119783E+01
   242    245 1   0.748460863E-02   0.163753812E-02
   242    246 1   0.140135333E+00   0.550865639E-01
   242    247 1   0.196453462E+01   0.130948379E+01
   243    246 1   0.108146801E-01   0.254685910E-02
   243    247 1   0.643490416E-01   0.216490580E-01
   243    250 1   0.138975723E+02   0.136998318E+02
   244    247 1   0.389939898E-02   0.748834270E-03
   244    248 1   0.405968847E-01   0.124560331E-01
   244    251 1   0.753990557E+01   0.657699621E+01
   245    248 1   0.175586855E-01   0.455594951E-02
   245    249 1   0.641794784E-01   0.215806203E-01
   246    249 1   0.708364235E-02   0.153283869E-02
   246    250 1   0.539858507E-01   0.175357539E-01
   247    250 1   0.806770171E-02   0.179179493E-02
   247    251 1   0.453037831E-01   0.142085535E-01
   248    251 1   0.564610119E-02   0.116758066E-02
   248    252 1   0.270889970E-01   0.766549163E-02
   249    252 1   0.921738680E-02   0.210241225E-02
   249    253 1   0.506914088E-01   0.162595955E-01
   249    254 1   0.106307645E+01   0.626708955E+00
   250    253 1   0.139482342E-01   0.345630118E-02
   250    254 1   0.333316090E-01   0.983141520E-02
   250    278 1   0.955798740E+01   0.874235118E+01
   251    254 1   0.682607626E-02   0.146620220E-02
   251    255 1   0.313872162E-01   0.914727768E-02
   252    255 1   0.846303943E-02   0.189766759E-02
   252    256 1   0.377962553E-01   0.114321268E-01
   252    275 1   0.950811324E+01   0.868763804E+01
   252    276 1   0.737018019E+00   0.403796203E+00
   252    277 1   0.966541010E+01   0.886039017E+01
   253    256 1   0.517699158E-02   0.105215919E-02
   253    257 1   0.426341102E-01   0.132098275E-01
   253    276 1   0.253615786E-01   0.708271951E-02
   253    277 1   0.407589067E+00   0.198360655E+00
   253    278 1   0.149482033E+00   0.595244372E-01
   253    279 1   0.802764465E+00   0.447398241E+00
   254    257 1   0.624221450E-02   0.131702776E-02
   254    258 1   0.728805000E-01   0.251375019E-01
   254    278 1   0.200307659E+01   0.134037269E+01
   254    311 1   0.922743628E+01   0.838080566E+01
   254    314 1   0.284359740E+01   0.204093999E+01
   255    258 1   0.716534030E-02   0.155407756E-02
   255    259 1   0.658733589E-01   0.222659010E-01
   255    314 1   0.981068751E+00   0.569151435E+00
   255    316 1   0.158904839E+02   0.160898891E+02
   256    259 1   0.585071112E-02   0.121853748E-02
   256    260 1   0.893630758E-01   0.321054110E-01
   256    272 1   0.198079885E+01   0.132250387E+01
   256    275 1   0.695041556E+00   0.376358241E+00
   256    276 1   0.563697282E-01   0.184690107E-01
   256    278 1   0.190283057E+01   0.126028465E+01
   256    279 1   0.523299747E+00   0.267725127E+00
   256    286 1   0.372599251E+02   0.447382381E+02
   257    260 1   0.877611897E-02   0.198221841E-02
   257    261 1   0.598129908E-01   0.198309320E-01
   257    262 1   0.103490076E+01   0.606829874E+00
   257    264 1   0.803658624E+01   0.710026299E+01
   257    276 1   0.414444305E+00   0.202370831E+00
   257    278 1   0.556742473E+00   0.288385705E+00
   257    279 1   0.877363934E-01   0.314053934E-01
   257    282 1   0.525780830E+01   0.426731007E+01
   257    286 1   0.213201294E+01   0.144456240E+01
   257    294 1   0.206151188E+02   0.219893056E+02
   257    314 1   0.411777575E+01   0.318261228E+01
   258    261 1   0.505708656E-02   0.102298430E-02
   258    262 1   0.231951773E-01   0.636305591E-02
   258    294 1   0.138676417E+02   0.136644338E+02
   258    314 1   0.923733731E-01   0.334075530E-01
   258    316 1   0.262735198E+00   0.117114431E+00
   259    262 1   0.414698139E-02   0.806244951E-03
   259    263 1   0.336392362E-01   0.994039987E-02
   259    268 1   0.122516877E+02   0.117766998E+02
   259    270 1   0.241344344E+02   0.265676446E+02
   259    271 1   0.129896389E+01   0.797085661E+00
   259    272 1   0.670878811E+00   0.360712668E+00
   259    275 1   0.147665995E+02   0.147341504E+02
   259    316 1   0.101423261E+01   0.592316166E+00
   260    263 1   0.462403484E-02   0.918784842E-03
   260    264 1   0.241819213E-01   0.668925063E-02
   260    271 1   0.491908855E-01   0.156837558E-01
   260    272 1   0.337385359E-01   0.997562197E-02
   260    273 1   0.172934619E+00   0.709000976E-01
   260    275 1   0.942549889E+01   0.859713447E+01
   260    276 1   0.487882010E+01   0.390091304E+01
   260    279 1   0.538230986E+00   0.276917843E+00
   260    282 1   0.105037314E+02   0.979040891E+01
   260    283 1   0.493980553E+01   0.395949981E+01
   260    286 1   0.335548722E+00   0.157070712E+00
   261    264 1   0.325176654E-02   0.602187497E-03
   261    265 1   0.182937148E-01   0.478575862E-02
   261    279 1   0.706752484E+01   0.608568285E+01
   261    285 1   0.180025271E+02   0.186891122E+02
   261    286 1   0.321157927E+00   0.149022169E+00
   261    292 1   0.762663745E+01   0.666788691E+01
   261    294 1   0.621153402E+01   0.521227290E+01
   261    314 1   0.349915430E+01   0.261784673E+01
   261    315 1   0.920260292E+00   0.527085809E+00
   261    316 1   0.348703382E+00   0.164488634E+00
   262    265 1   0.464305396E-02   0.923321570E-03
   262    266 1   0.320681953E-01   0.938594334E-02
   262    268 1   0.134128677E+01   0.828351140E+00
   262    314 1   0.264550832E+01   0.187154150E+01
   262    316 1   0.141394498E-01   0.351323755E-02
   263    266 1   0.440637709E-02   0.867134562E-03
   263    267 1   0.237511466E-01   0.654651247E-02
   263    268 1   0.773180969E-02   0.170265199E-02
   263    269 1   0.663118187E+00   0.355711275E+00
   263    270 1   0.796160799E+00   0.442985440E+00
   263    271 1   0.134727403E-01   0.331539768E-02
   263    272 1   0.432259083E+00   0.212853824E+00
   263    273 1   0.805125900E+01   0.711582176E+01
   264    267 1   0.347573918E-02   0.652296606E-03
   264    268 1   0.807119107E-01   0.284127754E-01
   264    271 1   0.877396846E-01   0.314068071E-01
   264    272 1   0.217813232E+01   0.148214132E+01
   264    273 1   0.107196857E+02   0.100324491E+02
   264    283 1   0.295075995E+02   0.338149820E+02
   264    286 1   0.497470235E+00   0.251946903E+00
   264    287 1   0.200274373E+00   0.845549353E-01
   264    288 1   0.790538901E+01   0.696139695E+01
   264    292 1   0.184064190E+02   0.191933891E+02
   265    315 1   0.358160786E+01   0.269204395E+01
   265    316 1   0.415154301E+00   0.202786927E+00
   266    269 1   0.234880671E+01   0.162257671E+01
   267    271 1   0.386944014E+00   0.186365819E+00
   268    271 1   0.267751706E-01   0.755904969E-02
   268    272 1   0.314061533E+01   0.229935591E+01
   268    273 1   0.572662541E+02   0.749319501E+02
   269    272 1   0.206923451E+01   0.139367066E+01
   269    273 1   0.490397249E+02   0.622079850E+02
   270    273 1   0.225124021E+01   0.154203670E+01
   270    274 1   0.115021668E+02   0.109175225E+02
   270    275 1   0.468224418E+02   0.588482258E+02
   271    274 1   0.371524913E+01   0.281302786E+01
   271    286 1   0.380196966E+01   0.289200393E+01
   271    287 1   0.748936131E+00   0.411644430E+00
   272    275 1   0.265042153E+00   0.118349505E+00
   272    276 1   0.175322860E+01   0.114233836E+01
   272    279 1   0.596697637E+00   0.313396171E+00
   272    286 1   0.387297218E+01   0.295693485E+01
   273    276 1   0.127777709E+00   0.493099566E-01
   273    277 1   0.932509969E+00   0.535516287E+00
   273    279 1   0.361089366E-02   0.682851303E-03
   273    280 1   0.649681675E-02   0.138174927E-02
   273    282 1   0.363576770E+00   0.172943346E+00
   273    283 1   0.100320289E-01   0.232731428E-02
   273    284 1   0.129777964E+01   0.796213712E+00
   273    286 1   0.638094673E+00   0.339664881E+00
   273    287 1   0.115813546E+01   0.694543956E+00
   274    277 1   0.183483682E+00   0.761211673E-01
   274    279 1   0.836985671E-01   0.296790593E-01
   274    280 1   0.497570108E-02   0.100326034E-02
   274    283 1   0.405539570E+00   0.197164348E+00
   275    279 1   0.297954528E+00   0.136197298E+00
   276    279 1   0.839237857E-02   0.187867036E-02
   276    280 1   0.388252570E-01   0.118066234E-01
   277    280 1   0.413999060E-02   0.804614269E-03
   277    281 1   0.717482406E-01   0.246695945E-01
   278    281 1   0.107175771E-01   0.251944245E-02
   278    282 1   0.445631959E-01   0.139302881E-01
   278    286 1   0.740122244E+01   0.643209799E+01
   279    282 1   0.372499980E-02   0.708826601E-03
   279    283 1   0.150346017E-01   0.378180224E-02
   279    286 1   0.280560123E+00   0.126712552E+00
   279    287 1   0.485383564E+01   0.387695343E+01
   280    283 1   0.554230288E-02   0.114187039E-02
   281    284 1   0.705543740E+00   0.383192708E+00
   281    285 1   0.855772511E+00   0.483079382E+00
   282    285 1   0.364371267E-02   0.690305687E-03
   282    286 1   0.277532274E-01   0.789159333E-02
   283    286 1   0.225477490E-01   0.615052707E-02
   283    287 1   0.693648353E-01   0.236894913E-01
   284    287 1   0.507839253E-02   0.102815839E-02
   284    288 1   0.361524318E-02   0.683838460E-03
   284    289 1   0.262307030E+00   0.116885441E+00
   284    290 1   0.380468371E+00   0.182629435E+00
   285    288 1   0.352819764E-01   0.105257243E-01
   285    290 1   0.190532678E-01   0.502518286E-02
   285    292 1   0.563108413E+00   0.292347189E+00
   286    290 1   0.192719578E+00   0.807420007E-01
   286    292 1   0.414224960E+00   0.202242312E+00
   286    294 1   0.186217929E+02   0.194632022E+02
   287    290 1   0.219618460E+00   0.944476406E-01
   288    291 1   0.159186554E+01   0.101736352E+01
   288    292 1   0.621575547E+01   0.521652399E+01
   294    314 1   0.100030044E+02   0.923304719E+01
   294    315 1   0.346375738E+01   0.258610088E+01
   294    316 1   0.451252590E+02   0.562978945E+02
   295    311 1   0.158913541E+02   0.160909465E+02
   295    314 1   0.266315810E+02   0.298995632E+02
   296    308 1   0.350208807E+01   0.262048078E+01
   296    311 1   0.426325580E+00   0.209352511E+00
   296    312 1   0.506107633E+00   0.257205333E+00
   296    314 1   0.362126560E+01   0.272785297E+01
   296    315 1   0.490999393E+01   0.393084257E+01
   297    307 1   0.111800999E+02   0.105517216E+02
   297    308 1   0.147937918E+01   0.931716758E+00
   297    311 1   0.154539599E+01   0.981829875E+00
   298    304 1   0.983503578E+00   0.570846887E+00
   298    307 1   0.790029538E+00   0.438894864E+00
   298    308 1   0.286677083E-01   0.820465033E-02
   298    311 1   0.726484081E+00   0.396880560E+00
   298    312 1   0.169591152E+01   0.109767136E+01
   299    304 1   0.801547700E-01   0.281775838E-01
   299    305 1   0.785521705E+00   0.435891431E+00
   299    307 1   0.148079808E+01   0.932789209E+00
   299    308 1   0.152128001E+00   0.607910288E-01
   300    305 1   0.536243859E+00   0.275691453E+00
   301    304 1   0.293315442E-01   0.843316149E-02
   301    305 1   0.114397714E+00   0.431806643E-01
   301    308 1   0.236675599E+01   0.163746749E+01
   302    305 1   0.398813678E-02   0.769329804E-03
   302    306 1   0.135580342E+01   0.839120967E+00
   303    306 1   0.113862241E+01   0.680525147E+00
   303    307 1   0.160545648E+01   0.102779559E+01
   304    307 1   0.823904218E-02   0.183755597E-02
   304    308 1   0.524305922E-01   0.169312967E-01
   305    308 1   0.144309389E-01   0.360032751E-02
   305    309 1   0.775710975E-01   0.270912115E-01
   305    312 1   0.144867181E+02   0.143996692E+02
   306    309 1   0.451236721E-02   0.892223845E-03
   306    310 1   0.279628617E-01   0.796317833E-02
   307    310 1   0.642130342E-02   0.136249945E-02
   307    311 1   0.393176908E-01   0.119865474E-01
   308    311 1   0.759136334E-02   0.166560585E-02
   308    312 1   0.398536628E-01   0.121828920E-01
   309    312 1   0.907719454E-02   0.206409877E-02
   309    313 1   0.358113843E-01   0.107155344E-01
   310    313 1   0.982435421E-02   0.226962088E-02
   310    314 1   0.154323766E+00   0.618454679E-01
   311    314 1   0.129649377E-01   0.316601541E-02
   312    315 1   0.547386882E-01   0.178296068E-01
   312    316 1   0.284543906E+01   0.204252627E+01
   313    316 1   0.232762774E+00   0.101270915E+00
