     1     73 1   0.199301516E+02   0.211154930E+02
     1    287 1   0.285520787E+02   0.325052704E+02
     1    288 1   0.918414136E+01   0.833364077E+01
     1    289 1   0.242224906E+01   0.168364707E+01
     1    291 1   0.127124373E+02   0.123101428E+02
     2    287 1   0.491210445E+01   0.393287022E+01
     2    291 1   0.460163352E+01   0.363649452E+01
     3      6 1   0.138951278E+01   0.864218503E+00
     3     73 1   0.292562125E+02   0.334695773E+02
     3    286 1   0.188444338E+02   0.197427759E+02
     3    288 1   0.806156533E+01   0.712675382E+01
     3    290 1   0.262165516E+01   0.185131015E+01
     3    291 1   0.255544657E+00   0.113278808E+00
     3    292 1   0.212712391E+01   0.144058819E+01
     4      7 1   0.159281445E+01   0.101809131E+01
     4     45 1   0.529707996E+01   0.430558669E+01
     4     65 1   0.929322560E+02   0.133964054E+03
     4    285 1   0.198575508E+02   0.210232243E+02
     4    290 1   0.858488858E+01   0.768546412E+01
     4    291 1   0.691579362E+00   0.374109669E+00
     4    292 1   0.690342998E+00   0.373307240E+00
     4    293 1   0.187865993E+01   0.124109867E+01
     5     45 1   0.254846509E+01   0.178946385E+01
     5     78 1   0.195934851E+02   0.206881918E+02
     5    261 1   0.817524771E+01   0.724752311E+01
     5    264 1   0.177509660E+02   0.183761655E+02
     5    285 1   0.200904727E+01   0.134516850E+01
     5    286 1   0.454476199E+00   0.226048629E+00
     5    290 1   0.299716053E+01   0.217390474E+01
     5    292 1   0.104709850E-01   0.245004212E-02
     5    293 1   0.213779776E-01   0.576963641E-02
     5    294 1   0.199449024E+00   0.841369574E-01
     5    315 1   0.446430790E+01   0.350665848E+01
     6     45 1   0.370954594E-01   0.111782395E-01
     6     46 1   0.104982185E+01   0.617344002E+00
     6     60 1   0.294145730E+02   0.336870950E+02
     6     61 1   0.226324548E+01   0.155190988E+01
     6     64 1   0.271345438E+02   0.305784546E+02
     6     65 1   0.107519828E+02   0.100687318E+02
     6     68 1   0.125911209E+03   0.192870487E+03
     6    291 1   0.807400606E+00   0.450500616E+00
     6    292 1   0.727750806E-01   0.250938755E-01
     6    293 1   0.210084014E-02   0.356500475E-03
     6    294 1   0.494083375E-01   0.157669900E-01
     6    295 1   0.100087212E+01   0.582965449E+00
     6    296 1   0.849089148E+01   0.758459599E+01
     7     32 1   0.455509250E+02   0.569357630E+02
     7     43 1   0.353502615E+01   0.265008413E+01
     7     44 1   0.396693780E-01   0.121153223E-01
     7     45 1   0.186027318E-01   0.488293085E-02
     7     46 1   0.274340815E+00   0.123349392E+00
     7     47 1   0.202485171E+01   0.135787681E+01
     7    261 1   0.308821910E+02   0.357139782E+02
     7    292 1   0.130472184E+01   0.801327457E+00
     7    294 1   0.380622093E-02   0.727413398E-03
     7    296 1   0.154677872E+00   0.620157972E-01
     7    311 1   0.199744765E+02   0.211718589E+02
     7    312 1   0.511485538E+01   0.412846430E+01
     7    314 1   0.404706594E+01   0.311714383E+01
     7    315 1   0.412308946E-01   0.126898303E-01
     7    316 1   0.560118258E+00   0.290485313E+00
     8     44 1   0.557645399E-01   0.182313258E-01
     8     45 1   0.149570401E-01   0.375840255E-02
     8     46 1   0.520146389E-02   0.105813044E-02
     8     47 1   0.257232575E-01   0.720409884E-02
     8     48 1   0.422581176E+00   0.207147970E+00
     8     57 1   0.595673588E+01   0.495676713E+01
     8     60 1   0.531269194E+01   0.432081890E+01
     8     61 1   0.357069859E+00   0.169235837E+00
     8     64 1   0.131807406E+03   0.203758756E+03
     8     65 1   0.103696307E+03   0.152793350E+03
     8     77 1   0.100557574E+02   0.929150896E+01
     8    293 1   0.198748493E+00   0.837824619E-01
     8    294 1   0.432038144E-01   0.134219314E-01
     8    295 1   0.430132640E-02   0.842386471E-03
     8    296 1   0.400003792E-01   0.122367316E-01
     8    297 1   0.128556968E+01   0.787232927E+00
     8    312 1   0.658556824E+01   0.559114054E+01
     8    315 1   0.704321508E+00   0.382396267E+00
     9     29 1   0.167454710E+02   0.171342597E+02
     9     33 1   0.273085716E+01   0.194422841E+01
     9     34 1   0.272375275E+01   0.193816042E+01
     9     35 1   0.116396982E+01   0.698744768E+00
     9     37 1   0.710304149E+02   0.970335064E+02
     9     42 1   0.521570174E+01   0.422633387E+01
     9     44 1   0.219812517E+00   0.945477956E-01
     9     46 1   0.705723749E-01   0.241852278E-01
     9     47 1   0.278111393E-02   0.499172946E-03
     9     48 1   0.298150583E-01   0.860025444E-02
     9     57 1   0.863154653E+01   0.773561493E+01
     9    296 1   0.416956915E-02   0.811517558E-03
     9    298 1   0.261098202E+00   0.116239347E+00
     9    308 1   0.187743917E+02   0.196547513E+02
     9    311 1   0.413063486E+01   0.319454251E+01
     9    312 1   0.754334791E+00   0.415207768E+00
     9    315 1   0.845289712E+00   0.475987123E+00
    10     13 1   0.622351598E+01   0.522434050E+01
    10     48 1   0.323751233E-02   0.599021240E-03
    10     49 1   0.649186754E-01   0.218792325E-01
    10     50 1   0.284640245E+00   0.128927057E+00
    10     52 1   0.117770360E+01   0.708649859E+00
    10     53 1   0.106743775E+02   0.998158647E+01
    10     54 1   0.149804138E+02   0.149905331E+02
    10     57 1   0.144815737E+01   0.908170547E+00
    10     85 1   0.160756586E+01   0.102941628E+01
    10     86 1   0.664598402E+00   0.356664311E+00
    10     89 1   0.171458920E+02   0.176270893E+02
    10     90 1   0.177216121E+01   0.115715724E+01
    10    102 1   0.892385663E+02   0.127600273E+03
    10    103 1   0.805916427E+02   0.112911068E+03
    10    295 1   0.145341300E+00   0.575513285E-01
    10    296 1   0.548605917E-01   0.178772655E-01
    10    297 1   0.466159528E-02   0.927747905E-03
    10    298 1   0.342299193E-01   0.101502223E-01
    10    312 1   0.100158168E+02   0.924724048E+01
    11     25 1   0.112717086E+02   0.106555583E+02
    11     26 1   0.949253769E+01   0.867056304E+01
    11     27 1   0.824675955E+00   0.462092056E+00
    11     29 1   0.963371897E+01   0.882553967E+01
    11     35 1   0.556996291E+01   0.457310599E+01
    11     36 1   0.436892633E+02   0.541549513E+02
    11     37 1   0.343274367E+02   0.405469465E+02
    11     42 1   0.955618190E+02   0.138525521E+03
    11     44 1   0.929419522E+02   0.133980827E+03
    11     47 1   0.830530498E+00   0.466031428E+00
    11     48 1   0.658520247E-01   0.222572479E-01
    11     49 1   0.168832697E-01   0.434646687E-02
    11     50 1   0.871465335E-02   0.196557058E-02
    11     52 1   0.158882305E+01   0.101503061E+01
    11     57 1   0.199984539E+02   0.212023603E+02
    11    296 1   0.142401818E+01   0.890035118E+00
    11    298 1   0.350957849E-02   0.659924810E-03
    11    299 1   0.229386633E-01   0.627870720E-02
    11    300 1   0.962963006E-01   0.351172119E-01
    11    301 1   0.701391097E+01   0.603032617E+01
    11    308 1   0.666781404E+01   0.567503676E+01
    11    312 1   0.168306728E+02   0.172389289E+02
    12     15 1   0.849741162E+00   0.478996667E+00
    12     18 1   0.319171328E+02   0.371549900E+02
    12     25 1   0.123808046E+02   0.119257897E+02
    12     27 1   0.871877931E+01   0.782952339E+01
    12     29 1   0.108960156E+03   0.162147316E+03
    12     50 1   0.345612949E-02   0.647882891E-03
    12     52 1   0.965431782E+00   0.558283014E+00
    12     82 1   0.596681098E+02   0.787189405E+02
    12     83 1   0.476723908E+02   0.601324395E+02
    12     84 1   0.301938666E+01   0.219326436E+01
    12     85 1   0.136714937E+00   0.534770775E-01
    12     86 1   0.622690584E-01   0.208120692E-01
    12     89 1   0.386101868E+01   0.294598673E+01
    12     90 1   0.394036252E+01   0.301878317E+01
    12    193 1   0.217556501E+03   0.371770549E+03
    12    297 1   0.496347539E+00   0.251264742E+00
    12    298 1   0.115101158E+00   0.434994872E-01
    12    299 1   0.366769749E-01   0.110270848E-01
    12    300 1   0.210108279E+00   0.895612821E-01
    12    301 1   0.466310789E+01   0.369486913E+01
    12    304 1   0.730528018E+02   0.100358175E+03
    13     18 1   0.408136706E+01   0.314887405E+01
    13     25 1   0.160965438E+01   0.103102137E+01
    13     50 1   0.972458277E-02   0.224199003E-02
    13     52 1   0.462146151E+01   0.365530577E+01
    13     89 1   0.385139324E+02   0.465510992E+02
    13    298 1   0.382705810E+01   0.291491953E+01
    13    299 1   0.264804118E+00   0.118221968E+00
    13    300 1   0.152546867E+00   0.609919409E-01
    13    301 1   0.133962688E+01   0.827121153E+00
    14     18 1   0.314678186E-01   0.917547318E-02
    14     19 1   0.372025540E-01   0.112169765E-01
    14     20 1   0.364167246E+01   0.274631003E+01
    14     21 1   0.825927576E+01   0.733700582E+01
    14     23 1   0.708795684E+00   0.385313106E+00
    14     24 1   0.145311810E+01   0.911905007E+00
    14     25 1   0.316329771E+00   0.146337821E+00
    14     26 1   0.676952347E+01   0.577907355E+01
    14     27 1   0.143835608E+02   0.142767121E+02
    14     50 1   0.164984000E+01   0.106198577E+01
    14    299 1   0.198934388E+00   0.838765074E-01
    14    300 1   0.601685806E-01   0.199724905E-01
    14    301 1   0.428086550E-01   0.132747516E-01
    14    302 1   0.504810926E+01   0.406389987E+01
    15     18 1   0.107514291E-01   0.252899483E-02
    15     19 1   0.518443109E-01   0.167043596E-01
    15     20 1   0.120543310E+01   0.728719245E+00
    15     21 1   0.578393813E+01   0.478472378E+01
    15     23 1   0.537746387E+01   0.438411064E+01
    15     84 1   0.176277137E+01   0.114980367E+01
    15    192 1   0.533293666E+02   0.687936281E+02
    15    193 1   0.634292268E+01   0.534485348E+01
    15    194 1   0.577926728E+01   0.478008743E+01
    15    299 1   0.182424173E+01   0.119808427E+01
    16     19 1   0.101990229E-01   0.237388011E-02
    16     20 1   0.283273965E-01   0.808791348E-02
    17     20 1   0.102904340E-01   0.239943469E-02
    17     21 1   0.415035303E-01   0.127905892E-01
    17     23 1   0.245010326E+01   0.170690665E+01
    17     84 1   0.127214732E+02   0.123206435E+02
    17    191 1   0.378814848E+02   0.456352986E+02
    17    192 1   0.206710495E+01   0.139194969E+01
    17    193 1   0.813135349E+00   0.454343075E+00
    17    195 1   0.129318731E+02   0.125655708E+02
    17    303 1   0.114408164E+02   0.108476815E+02
    18     21 1   0.652228957E-02   0.138825292E-02
    18     22 1   0.649817507E-01   0.219047446E-01
    18     23 1   0.221909971E-01   0.603393578E-02
    18     24 1   0.161174307E+01   0.103262700E+01
    18     82 1   0.298294198E+03   0.542953042E+03
    18     83 1   0.913635867E+02   0.131255126E+03
    18     84 1   0.130801834E+02   0.127386998E+02
    18    193 1   0.358377503E+01   0.269399876E+01
    18    299 1   0.443310914E+01   0.347727159E+01
    18    300 1   0.323757000E+01   0.238479748E+01
    18    301 1   0.731629505E-01   0.252544525E-01
    18    303 1   0.616312951E+00   0.325799232E+00
    18    304 1   0.517896560E+01   0.419063789E+01
    18    308 1   0.227920195E+03   0.393122476E+03
    19     22 1   0.497434276E-02   0.100293169E-02
    19     23 1   0.245889749E-01   0.682459701E-02
    19    301 1   0.797390089E+00   0.443806342E+00
    21     84 1   0.438431750E+03   0.861927824E+03
    21    192 1   0.765066194E+02   0.106078487E+03
    21    193 1   0.542566898E+02   0.702315828E+02
    21    236 1   0.881134167E+02   0.125672124E+03
    21    301 1   0.393993214E+01   0.301838750E+01
    21    303 1   0.262441961E+01   0.185365298E+01
    21    304 1   0.504130359E+02   0.643042867E+02
    22    302 1   0.249865317E+01   0.174757441E+01
    23     26 1   0.193841428E+01   0.128861868E+01
    23    300 1   0.151705431E+01   0.960262254E+00
    23    301 1   0.114237624E-01   0.271994110E-02
    23    302 1   0.163146074E-01   0.417138674E-02
    23    303 1   0.109675725E+00   0.410507525E-01
    23    304 1   0.394772470E+01   0.302555279E+01
    24    300 1   0.384326397E+00   0.184853961E+00
    24    301 1   0.196362103E-01   0.521023982E-02
    24    302 1   0.130089175E-01   0.317890754E-02
    24    305 1   0.707963022E+01   0.609819339E+01
    25     28 1   0.146699679E+01   0.922366455E+00
    25     29 1   0.297660450E+02   0.341706991E+02
    25     48 1   0.357913254E+03   0.675650093E+03
    25     49 1   0.333042567E+02   0.391010301E+02
    25     50 1   0.999141574E+01   0.922021271E+01
    25    300 1   0.954449854E-02   0.219226092E-02
    26     35 1   0.953975793E+01   0.872234638E+01
    26     36 1   0.200384024E+01   0.134098591E+01
    26     37 1   0.703367833E-01   0.240883752E-01
    26     38 1   0.316830686E+00   0.146615940E+00
    26    299 1   0.153758269E+01   0.975876096E+00
    26    300 1   0.933095551E-02   0.213353537E-02
    26    301 1   0.666245024E-01   0.225709208E-01
    26    302 1   0.482866527E-01   0.153384341E-01
    26    304 1   0.477213643E+01   0.379877810E+01
    26    305 1   0.578207381E+00   0.301778893E+00
    26    308 1   0.658110546E+01   0.558659417E+01
    26    309 1   0.129704289E+02   0.126105407E+02
    26    312 1   0.103679495E+03   0.152763623E+03
    27     35 1   0.191101309E+00   0.799290952E-01
    27     36 1   0.853259472E-01   0.303728710E-01
    27     37 1   0.193084389E-01   0.510605043E-02
    27     50 1   0.301217097E+01   0.218697615E+01
    27    299 1   0.156656070E+01   0.997987672E+00
    27    300 1   0.256557712E-01   0.718142441E-02
    27    308 1   0.880664367E+01   0.792430191E+01
    27    312 1   0.316588009E+02   0.367944112E+02
    28     34 1   0.211314144E+01   0.142923217E+01
    28     35 1   0.401924311E-01   0.123072674E-01
    28     36 1   0.657290909E-02   0.140119202E-02
    28     37 1   0.555975087E-01   0.181658156E-01
    28     38 1   0.129276440E+01   0.792522801E+00
    28     39 1   0.119079069E+01   0.718110073E+00
    28     47 1   0.151703181E+02   0.152188603E+02
    29     32 1   0.664466106E+00   0.356579115E+00
    29     34 1   0.620103761E-01   0.207083617E-01
    29     35 1   0.264413576E-02   0.469817299E-03
    29     36 1   0.210509718E-01   0.566389357E-02
    29     37 1   0.109727498E+01   0.650979146E+00
    29     47 1   0.874728656E+00   0.495948441E+00
    29     48 1   0.263310125E+01   0.186101372E+01
    29     49 1   0.383627732E+00   0.184450780E+00
    29     50 1   0.975197340E+01   0.895569952E+01
    29    300 1   0.270950412E+02   0.305250428E+02
    29    312 1   0.108680769E+03   0.161648525E+03
    30     33 1   0.178065141E+00   0.734316344E-01
    30     34 1   0.750654148E-02   0.164329817E-02
    30     36 1   0.137948643E+00   0.540566868E-01
    30     39 1   0.173101031E+02   0.178298664E+02
    30     41 1   0.128055433E+01   0.783548914E+00
    30     47 1   0.254770108E+01   0.178882011E+01
    31     34 1   0.442554660E-01   0.138149337E-01
    31     47 1   0.748197560E+00   0.411157341E+00
    31     49 1   0.698948361E+01   0.600513276E+01
    32     35 1   0.102899504E+01   0.602676755E+00
    32     42 1   0.258946265E+02   0.289094670E+02
    32     44 1   0.106958182E+01   0.631313850E+00
    32     45 1   0.462865437E+00   0.231065021E+00
    32     46 1   0.955838345E-02   0.219608852E-02
    32     47 1   0.102815470E-01   0.239694828E-02
    32     49 1   0.216715491E+01   0.147318216E+01
    32     60 1   0.155719339E+02   0.157036123E+02
    33     42 1   0.140980994E+01   0.879389320E+00
    33     43 1   0.283617184E-01   0.809967426E-02
    33     44 1   0.954290034E-02   0.219182043E-02
    33     45 1   0.188403861E-01   0.495788288E-02
    33     46 1   0.741939112E-02   0.162043055E-02
    33     47 1   0.325076418E-01   0.954049839E-02
    34     41 1   0.716536085E-01   0.246305542E-01
    34     42 1   0.226570768E-01   0.618633103E-02
    34     43 1   0.196421309E-02   0.328862856E-03
    34     44 1   0.358294046E-01   0.107220052E-01
    34     47 1   0.116186428E+00   0.439921296E-01
    34     49 1   0.121466109E+02   0.116556004E+02
    35     40 1   0.881032534E+00   0.500240487E+00
    35     41 1   0.236712550E-01   0.652009683E-02
    35     42 1   0.101251498E-01   0.235326184E-02
    35     44 1   0.637274287E+00   0.339140908E+00
    35     46 1   0.374768134E+01   0.284252106E+01
    35     47 1   0.181595007E+00   0.751818813E-01
    35     48 1   0.296016828E+01   0.214174708E+01
    35    296 1   0.410718549E+02   0.502853740E+02
    35    298 1   0.157165240E+02   0.158787498E+02
    35    308 1   0.329813148E+02   0.386464905E+02
    35    312 1   0.230691070E+01   0.158790839E+01
    35    316 1   0.197254624E+02   0.208555255E+02
    36     39 1   0.255518123E-01   0.714651904E-02
    36     40 1   0.876946504E-02   0.198041508E-02
    36     41 1   0.112135560E-02   0.167834226E-03
    36     42 1   0.388272162E-01   0.118073384E-01
    37     40 1   0.964231044E-02   0.221924799E-02
    37     42 1   0.401349369E+00   0.194722262E+00
    37     44 1   0.105727169E+03   0.156391241E+03
    37    298 1   0.224926656E+02   0.244139256E+02
    37    299 1   0.237014601E+02   0.259967242E+02
    37    300 1   0.329675228E+01   0.243720513E+01
    37    301 1   0.241976374E+02   0.266511566E+02
    37    305 1   0.182676838E+01   0.120007582E+01
    37    308 1   0.315231579E+01   0.230963932E+01
    37    309 1   0.510529425E+00   0.259904284E+00
    37    312 1   0.385293469E+01   0.293858651E+01
    38     42 1   0.883052218E+01   0.795009222E+01
    38    305 1   0.322375876E+01   0.237259464E+01
    38    309 1   0.342319652E+01   0.254980344E+01
    40     43 1   0.519880889E+01   0.420991306E+01
    40    309 1   0.479400262E+01   0.381967510E+01
    40    313 1   0.204134236E+02   0.217313907E+02
    40    316 1   0.640440580E+02   0.856965059E+02
    41    312 1   0.475821000E+01   0.378547891E+01
    41    313 1   0.967014132E+01   0.886559503E+01
    41    316 1   0.933600657E+01   0.849927502E+01
    42     47 1   0.630992477E+01   0.531150411E+01
    42    296 1   0.368399769E+02   0.441338406E+02
    42    308 1   0.217980086E+02   0.235119521E+02
    42    309 1   0.222470044E+01   0.152024769E+01
    42    312 1   0.985109378E-01   0.360885845E-01
    42    313 1   0.365555025E+00   0.174073160E+00
    42    316 1   0.169295578E+00   0.691135562E-01
    43    312 1   0.153867039E+01   0.976704573E+00
    43    315 1   0.151837270E+01   0.961263753E+00
    43    316 1   0.106871440E+00   0.397944493E-01
    44     47 1   0.145174146E+00   0.574719113E-01
    44    296 1   0.581808495E+01   0.481864102E+01
    44    298 1   0.104280055E+03   0.153826092E+03
    44    311 1   0.422314722E+02   0.519938491E+02
    44    312 1   0.210706293E+01   0.142430012E+01
    44    315 1   0.321650752E+00   0.149296625E+00
    44    316 1   0.114415164E+00   0.431885685E-01
    45    293 1   0.397905668E+01   0.305439116E+01
    45    315 1   0.493889837E+01   0.395862726E+01
    46     49 1   0.523057595E+01   0.424080125E+01
    46     52 1   0.448351558E+02   0.558638578E+02
    46     56 1   0.387576548E+02   0.469048220E+02
    46     60 1   0.113609765E+01   0.678714768E+00
    46     61 1   0.823715861E+00   0.461446566E+00
    47     52 1   0.605408391E+01   0.505413255E+01
    47    296 1   0.343774281E+01   0.256281090E+01
    47    312 1   0.186570179E+02   0.195073905E+02
    48     52 1   0.630151192E-01   0.211116520E-01
    48     53 1   0.306754100E+01   0.223530585E+01
    48     56 1   0.170759269E+01   0.110675030E+01
    48     57 1   0.421123646E+00   0.206290894E+00
    48     60 1   0.351451070E+01   0.263163920E+01
    48     61 1   0.399319949E+01   0.306742330E+01
    48     90 1   0.273409411E+02   0.308577783E+02
    48    103 1   0.213970921E+03   0.364430076E+03
    48    293 1   0.160864711E+03   0.258786396E+03
    48    295 1   0.540682690E+01   0.441285302E+01
    48    298 1   0.651616165E+01   0.552050393E+01
    49     52 1   0.383057116E-01   0.116172877E-01
    49     57 1   0.787681420E+01   0.693121268E+01
    50    298 1   0.491005557E+01   0.393090178E+01
    50    300 1   0.159822302E+01   0.102224115E+01
    51     56 1   0.363051055E+01   0.273621203E+01
    52     56 1   0.238139130E-01   0.656727826E-02
    52     57 1   0.117474649E+00   0.445780936E-01
    52     60 1   0.112275816E+02   0.106055200E+02
    53     56 1   0.499913837E-02   0.100893385E-02
    53     57 1   0.618943304E-01   0.206618663E-01
    53     90 1   0.416915233E+01   0.323032203E+01
    53     99 1   0.673838236E+00   0.362622948E+00
    53    106 1   0.746565142E+02   0.103007715E+03
    54     57 1   0.917951708E-02   0.209205118E-02
    54     58 1   0.678557198E-01   0.230723727E-01
    54     62 1   0.122800088E+02   0.118093751E+02
    54     89 1   0.130420784E+01   0.800948646E+00
    54     90 1   0.188155508E+00   0.784528682E-01
    54     92 1   0.629218199E+01   0.529358675E+01
    54     93 1   0.804562838E+00   0.448601237E+00
    54     94 1   0.527336740E+01   0.428246813E+01
    54     99 1   0.870493847E-01   0.311105258E-01
    54    100 1   0.531348369E-01   0.172045662E-01
    54    101 1   0.110308898E+00   0.413353061E-01
    54    102 1   0.258010944E-01   0.723026571E-02
    54    103 1   0.431863156E+00   0.212619890E+00
    54    106 1   0.293419073E+01   0.211921253E+01
    55     58 1   0.511185569E-02   0.103629358E-02
    55     59 1   0.712293242E-01   0.244556434E-01
    55     60 1   0.178629015E+01   0.116823687E+01
    55     98 1   0.204716313E+01   0.137585113E+01
    55     99 1   0.127002265E+00   0.489510785E-01
    55    106 1   0.119834845E+01   0.723582821E+00
    56     59 1   0.202759224E-01   0.541458590E-02
    56     60 1   0.819955813E-01   0.289558983E-01
    56     61 1   0.975111370E+00   0.565006662E+00
    57     60 1   0.248298695E-01   0.690490691E-02
    57     61 1   0.202076115E-01   0.539270277E-02
    57     62 1   0.183147608E+00   0.759538873E-01
    57     77 1   0.498619846E+02   0.634617400E+02
    57     89 1   0.182381084E+02   0.189829741E+02
    57     90 1   0.718367458E+00   0.391565558E+00
    57    101 1   0.129516209E+02   0.125886005E+02
    57    103 1   0.438360060E+00   0.216463999E+00
    57    106 1   0.700870695E+01   0.602495748E+01
    57    295 1   0.618097002E+01   0.518151152E+01
    58     61 1   0.172551839E-01   0.446161420E-02
    58     62 1   0.443591948E-02   0.874115637E-03
    58     63 1   0.448385162E-01   0.140336287E-01
    58     64 1   0.357963899E+01   0.269026821E+01
    58     65 1   0.897667338E+01   0.810824778E+01
    58     66 1   0.103589067E+02   0.962864578E+01
    58     77 1   0.264173567E+02   0.296111815E+02
    58     90 1   0.316123200E+01   0.231748081E+01
    58    102 1   0.406957830E+00   0.197992069E+00
    58    103 1   0.400935736E-01   0.122709511E-01
    58    106 1   0.189126386E+00   0.789388967E-01
    58    107 1   0.694736935E+00   0.376160310E+00
    58    109 1   0.204820610E+02   0.218191029E+02
    58    110 1   0.584162464E+01   0.484204567E+01
    58    111 1   0.677781364E+02   0.917267597E+02
    59     63 1   0.551996097E-02   0.113634894E-02
    59     64 1   0.618072115E+00   0.326915479E+00
    59    106 1   0.406259789E+01   0.313150500E+01
    59    110 1   0.788108114E+01   0.693571857E+01
    60     63 1   0.649023348E-01   0.218726241E-01
    60     64 1   0.538952512E+00   0.277363370E+00
    60     65 1   0.626836151E+01   0.526954778E+01
    60    293 1   0.231497404E+02   0.252722467E+02
    61     64 1   0.283573113E+00   0.128347249E+00
    61     65 1   0.648225785E+00   0.346146597E+00
    61     77 1   0.276802017E+01   0.197602122E+01
    61     90 1   0.156184302E+02   0.157598966E+02
    61    103 1   0.191319336E+01   0.126852532E+01
    61    293 1   0.516086948E+00   0.263303089E+00
    61    294 1   0.369055791E+01   0.279060863E+01
    61    295 1   0.116282454E+01   0.697919818E+00
    62     65 1   0.262433292E-01   0.737923290E-02
    62     66 1   0.171633642E+00   0.702605272E-01
    62     77 1   0.700789735E+00   0.380096423E+00
    62    103 1   0.147661582E+00   0.586556058E-01
    62    107 1   0.199491277E+00   0.841583469E-01
    62    223 1   0.316492283E+02   0.367810612E+02
    62    225 1   0.126222447E+02   0.122054113E+02
    62    293 1   0.107620184E+01   0.636005662E+00
    62    295 1   0.675175295E+01   0.576087372E+01
    63     66 1   0.167183456E-01   0.429556664E-02
    63     67 1   0.296003959E+00   0.135128055E+00
    63    106 1   0.245024214E+01   0.170702276E+01
    63    107 1   0.437622030E+00   0.216026742E+00
    63    110 1   0.565798155E+00   0.294023699E+00
    63    113 1   0.321982487E+02   0.375480342E+02
    63    114 1   0.160158407E+02   0.162423249E+02
    64     67 1   0.142883512E-01   0.355768134E-02
    64     68 1   0.878743793E-01   0.314646734E-01
    64     71 1   0.139404121E+02   0.137505237E+02
    64    291 1   0.686708907E+01   0.587916597E+01
    64    293 1   0.105043932E+02   0.979114919E+01
    65     68 1   0.527493177E-02   0.107609031E-02
    65     69 1   0.374954666E-01   0.113230394E-01
    65     73 1   0.239219573E+01   0.165861106E+01
    65     74 1   0.224071806E+01   0.153339189E+01
    65     75 1   0.814684256E-01   0.287326506E-01
    65     76 1   0.116584902E+01   0.700098713E+00
    65     77 1   0.155841304E+01   0.991762290E+00
    65    107 1   0.216202481E+01   0.146899836E+01
    65    111 1   0.703336078E+01   0.605039848E+01
    65    223 1   0.326360364E+01   0.240782764E+01
    65    224 1   0.180247058E+02   0.187167450E+02
    65    225 1   0.268413875E+02   0.301824477E+02
    65    291 1   0.225024402E+00   0.972442751E-01
    65    293 1   0.113285114E+01   0.676388040E+00
    66     69 1   0.127639508E-01   0.310721031E-02
    66     70 1   0.619477302E-01   0.206832595E-01
    66     77 1   0.120520021E+02   0.115467442E+02
    66    106 1   0.757741520E+01   0.661627893E+01
    66    107 1   0.163952331E+00   0.665042836E-01
    66    110 1   0.229020490E+00   0.993202289E-01
    66    111 1   0.709952220E-01   0.243592240E-01
    66    114 1   0.131382435E+01   0.808040769E+00
    66    223 1   0.231654678E+01   0.159587104E+01
    67     70 1   0.109725758E-01   0.259154535E-02
    67     71 1   0.521206793E-01   0.168112724E-01
    67     73 1   0.298408278E+01   0.216252703E+01
    67    110 1   0.297169160E+01   0.215175583E+01
    67    114 1   0.898391219E+00   0.512090952E+00
    67    118 1   0.350624887E+02   0.415910409E+02
    68     71 1   0.409095169E-02   0.793190904E-03
    68     72 1   0.122215171E+00   0.467453748E-01
    68     73 1   0.298106708E-01   0.859873573E-02
    68     74 1   0.487483282E+00   0.245889608E+00
    68     75 1   0.323268303E+00   0.150198036E+00
    68    220 1   0.255067297E+02   0.283905784E+02
    68    221 1   0.265980672E+01   0.188368638E+01
    68    291 1   0.466594360E+00   0.233300616E+00
    69     72 1   0.901124147E-02   0.204611508E-02
    69     73 1   0.348502607E-02   0.654388625E-03
    69     74 1   0.110542434E-01   0.261470881E-02
    69     75 1   0.143602338E-01   0.357916993E-02
    69    107 1   0.119515331E+02   0.114313322E+02
    69    111 1   0.252657137E+01   0.177103192E+01
    69    124 1   0.759881498E+02   0.105216427E+03
    69    206 1   0.729886071E+01   0.632549613E+01
    69    207 1   0.439541120E+01   0.344181812E+01
    69    208 1   0.103298274E+01   0.605480528E+00
    69    210 1   0.174804077E+02   0.180405749E+02
    69    219 1   0.575156145E+01   0.475260172E+01
    69    220 1   0.127117869E+01   0.776669819E+00
    69    221 1   0.222290865E-01   0.604636616E-02
    69    222 1   0.359686345E+00   0.170725049E+00
    69    223 1   0.138583418E+00   0.543553163E-01
    69    291 1   0.678200587E+00   0.365441864E+00
    70    110 1   0.140775106E+02   0.139129601E+02
    70    111 1   0.599050396E+00   0.314879607E+00
    70    114 1   0.178549179E+01   0.116761034E+01
    70    115 1   0.369964703E+01   0.279885792E+01
    70    118 1   0.170023142E+02   0.174501092E+02
    70    122 1   0.222414049E+02   0.240870250E+02
    70    124 1   0.636654801E+01   0.536875179E+01
    70    126 1   0.180021982E+02   0.186887025E+02
    70    208 1   0.439591450E+00   0.217193882E+00
    70    209 1   0.132691311E+01   0.817710333E+00
    70    210 1   0.105532404E+01   0.621228686E+00
    70    219 1   0.105766433E+01   0.622882217E+00
    70    220 1   0.733569574E+00   0.401530071E+00
    70    221 1   0.121406497E+00   0.463744550E-01
    70    223 1   0.343757243E+01   0.256265848E+01
    71    114 1   0.255264338E+02   0.284168987E+02
    71    219 1   0.624651463E+00   0.331095911E+00
    71    291 1   0.187695551E+02   0.196486755E+02
    72    208 1   0.141570707E+01   0.883805264E+00
    72    210 1   0.153729157E+01   0.975654381E+00
    72    219 1   0.143561442E-01   0.357794679E-02
    72    220 1   0.143832385E-01   0.358605150E-02
    72    221 1   0.554389896E-02   0.114226500E-02
    72    222 1   0.122004356E+01   0.739330984E+00
    72    289 1   0.528120497E+01   0.429010708E+01
    73    208 1   0.920271755E+01   0.835387197E+01
    73    220 1   0.467763356E+00   0.234002200E+00
    73    221 1   0.194210740E-01   0.514181440E-02
    73    222 1   0.489044249E+00   0.246834745E+00
    73    223 1   0.181863465E+01   0.119366664E+01
    73    288 1   0.785775118E+01   0.691108813E+01
    73    289 1   0.109488932E+00   0.409668684E-01
    73    290 1   0.292957086E-01   0.842079923E-02
    73    291 1   0.178416905E+00   0.736057435E-01
    74    154 1   0.222699083E+03   0.382340778E+03
    74    158 1   0.342010261E+02   0.403678358E+02
    74    207 1   0.231871652E+01   0.159766489E+01
    74    220 1   0.752782824E+00   0.414182882E+00
    74    221 1   0.427364050E-02   0.835884144E-03
    74    222 1   0.497964426E-02   0.100421450E-02
    74    224 1   0.767590108E+00   0.423978415E+00
    74    284 1   0.911763265E+00   0.521251134E+00
    74    285 1   0.693304820E+00   0.375230012E+00
    74    289 1   0.433738827E-01   0.134853575E-01
    74    290 1   0.804549114E-03   0.112681229E-03
    74    291 1   0.502095076E-01   0.160742848E-01
    74    292 1   0.925819094E+00   0.530908726E+00
    75    222 1   0.693289355E-01   0.236747795E-01
    75    223 1   0.407110581E-02   0.788575668E-03
    75    224 1   0.565998399E-01   0.185595203E-01
    75    225 1   0.117907645E+01   0.709641265E+00
    75    285 1   0.341430658E+00   0.160380485E+00
    75    290 1   0.548599275E-02   0.112796281E-02
    75    291 1   0.428469778E-02   0.838480056E-03
    76    222 1   0.760541223E+00   0.419310574E+00
    76    223 1   0.308530627E-01   0.896079295E-02
    76    224 1   0.368620144E-02   0.699976374E-03
    76    226 1   0.547488085E+00   0.282642920E+00
    76    278 1   0.662509711E+02   0.892522559E+02
    76    281 1   0.104208682E+02   0.969779920E+01
    76    282 1   0.963500419E+00   0.556943056E+00
    76    284 1   0.183991658E+01   0.121044836E+01
    76    285 1   0.310100510E-01   0.901553452E-02
    76    286 1   0.178846721E+01   0.116994563E+01
    76    290 1   0.802358248E-01   0.282117801E-01
    76    291 1   0.505980532E-01   0.162236688E-01
    76    292 1   0.198567559E-02   0.333179644E-03
    76    293 1   0.558534718E-01   0.182662212E-01
    76    294 1   0.684937545E+00   0.369802354E+00
    77     90 1   0.154807246E+02   0.155933005E+02
    77     91 1   0.205302943E+01   0.138058361E+01
    77    103 1   0.193188956E+01   0.128341543E+01
    77    104 1   0.258854282E+01   0.182328655E+01
    77    107 1   0.709607236E+01   0.611519269E+01
    77    223 1   0.643646602E+00   0.343214384E+00
    77    224 1   0.502432085E-01   0.160872326E-01
    77    225 1   0.620105065E-02   0.130661259E-02
    77    226 1   0.731550727E-01   0.252511894E-01
    77    282 1   0.821769829E+01   0.729270648E+01
    77    291 1   0.115893606E+01   0.695120142E+00
    77    293 1   0.748534200E-02   0.163773066E-02
    77    295 1   0.317059736E+00   0.146743143E+00
    78     91 1   0.730239648E+00   0.399343844E+00
    78    103 1   0.597409886E+01   0.497411006E+01
    78    224 1   0.557373933E+00   0.288778256E+00
    78    226 1   0.263033249E-02   0.466875713E-03
    78    228 1   0.151563749E+00   0.605205564E-01
    78    254 1   0.474167469E+02   0.597456940E+02
    78    257 1   0.280583085E+02   0.318318799E+02
    78    261 1   0.954244198E+02   0.138286549E+03
    78    278 1   0.190777653E+02   0.200364836E+02
    78    282 1   0.464821377E+01   0.368071182E+01
    78    285 1   0.412168147E+01   0.318623508E+01
    78    286 1   0.138578935E+02   0.136529081E+02
    78    292 1   0.760292781E+00   0.419146210E+00
    78    293 1   0.143942573E+00   0.568873390E-01
    78    294 1   0.101513175E-01   0.236056193E-02
    78    295 1   0.429104446E-01   0.133126379E-01
    78    296 1   0.109547290E+01   0.649696416E+00
    78    297 1   0.698072876E+01   0.599610764E+01
    78    314 1   0.122193395E+03   0.186056901E+03
    79     86 1   0.135997297E+01   0.842218614E+00
    79     87 1   0.140079809E-01   0.347407469E-02
    79     90 1   0.510501528E+00   0.259887241E+00
    79     91 1   0.312356188E+00   0.144134731E+00
    79    103 1   0.883042857E+01   0.794999109E+01
    79    226 1   0.119303447E+00   0.454121533E-01
    79    227 1   0.189188281E-01   0.498266375E-02
    79    228 1   0.363104914E-01   0.108949955E-01
    79    229 1   0.134525166E+01   0.831290368E+00
    79    254 1   0.252261763E+02   0.280162636E+02
    79    294 1   0.325337608E-01   0.954969776E-02
    79    295 1   0.261397071E-02   0.463392887E-03
    79    297 1   0.923135658E-01   0.333815990E-01
    80     85 1   0.202342963E+01   0.135673251E+01
    80     87 1   0.153421458E+00   0.614118006E-01
    80    228 1   0.449366099E-01   0.140704786E-01
    80    229 1   0.323349587E+00   0.150243356E+00
    80    230 1   0.113193111E+00   0.426356118E-01
    80    231 1   0.211732878E+01   0.143263140E+01
    80    251 1   0.313173075E+02   0.363186589E+02
    80    254 1   0.143133600E+01   0.895526447E+00
    80    255 1   0.251524733E+02   0.279180666E+02
    80    257 1   0.474261206E+01   0.377059273E+01
    80    258 1   0.654064324E+01   0.554540229E+01
    80    261 1   0.330131079E+02   0.386911998E+02
    80    294 1   0.195620278E+00   0.822025235E-01
    80    295 1   0.548253281E-01   0.178634768E-01
    80    296 1   0.524191053E-02   0.106801174E-02
    80    297 1   0.386761450E-01   0.117522310E-01
    80    298 1   0.179887993E+01   0.117812431E+01
    80    307 1   0.397320118E+02   0.483233652E+02
    80    310 1   0.210416865E+02   0.225364320E+02
    80    311 1   0.489463070E+00   0.247088436E+00
    80    314 1   0.247651941E+01   0.172901431E+01
    81     85 1   0.613450778E-01   0.204420370E-01
    81     87 1   0.264449019E+00   0.118031753E+00
    81    228 1   0.932218836E+00   0.535315665E+00
    81    229 1   0.487813864E+00   0.246089719E+00
    81    230 1   0.849649244E-02   0.190667255E-02
    81    254 1   0.354687007E+01   0.266074246E+01
    81    297 1   0.615949611E-02   0.129611258E-02
    81    298 1   0.574340641E-01   0.188882604E-01
    81    308 1   0.438064003E+00   0.216288577E+00
    81    311 1   0.266541834E-01   0.751808033E-02
    82     85 1   0.402160711E-01   0.123159544E-01
    82     87 1   0.205980920E+01   0.138605638E+01
    82    193 1   0.549729644E+01   0.450160612E+01
    82    230 1   0.330629682E-03   0.387613337E-04
    82    231 1   0.536731692E-02   0.109874571E-02
    82    232 1   0.281382816E-01   0.802316253E-02
    82    233 1   0.178066950E+01   0.116382716E+01
    82    236 1   0.153611555E+02   0.154488859E+02
    82    237 1   0.124050460E+02   0.119538158E+02
    82    297 1   0.511591428E+00   0.260553202E+00
    82    298 1   0.391334333E+00   0.188906128E+00
    82    299 1   0.140486839E+01   0.875691777E+00
    82    301 1   0.549109626E+02   0.712490982E+02
    82    304 1   0.164091168E+01   0.105509302E+01
    82    307 1   0.175580852E+00   0.722039714E-01
    82    308 1   0.315396653E+00   0.145819969E+00
    82    310 1   0.331963083E+01   0.245751542E+01
    82    311 1   0.348515415E+00   0.164382240E+00
    83     87 1   0.102881938E+01   0.602553297E+00
    83    191 1   0.340609702E+01   0.253452699E+01
    83    192 1   0.590514682E+01   0.490529741E+01
    83    193 1   0.985660435E-01   0.361128108E-01
    83    194 1   0.148920245E+00   0.592560904E-01
    83    196 1   0.578249679E+01   0.478329300E+01
    83    197 1   0.170307834E+00   0.696097467E-01
    83    198 1   0.569536008E+00   0.296356139E+00
    83    199 1   0.378523825E+01   0.287673838E+01
    83    228 1   0.500880476E+01   0.402595974E+01
    83    229 1   0.136291824E+00   0.532785341E-01
    83    230 1   0.142117620E-02   0.223031403E-03
    83    231 1   0.886086284E-01   0.317804265E-01
    83    232 1   0.457244189E-01   0.143670081E-01
    83    233 1   0.263410591E+01   0.186186584E+01
    83    236 1   0.465799253E+01   0.369000580E+01
    83    237 1   0.113441899E+01   0.677511526E+00
    83    250 1   0.999013377E+01   0.921879310E+01
    83    299 1   0.294347589E+01   0.212726249E+01
    83    301 1   0.627087380E+02   0.835568727E+02
    83    304 1   0.545306487E+01   0.445817694E+01
    83    307 1   0.637714258E+01   0.537947454E+01
    84     87 1   0.282811799E+00   0.127933869E+00
    84     88 1   0.105193084E+01   0.618832524E+00
    84     89 1   0.231503836E+01   0.159462414E+01
    84    193 1   0.558673445E-01   0.182716656E-01
    84    194 1   0.144949066E-01   0.361948691E-02
    84    197 1   0.173180433E+00   0.710210499E-01
    84    198 1   0.175684789E+01   0.114516878E+01
    84    298 1   0.141532413E+01   0.883518394E+00
    84    299 1   0.489323940E+00   0.247004156E+00
    84    304 1   0.912644663E+01   0.827085803E+01
    85    193 1   0.349692058E+01   0.261584151E+01
    85    295 1   0.181673182E+02   0.188945908E+02
    85    297 1   0.149712278E-01   0.376268106E-02
    85    298 1   0.539717295E-02   0.110608399E-02
    85    299 1   0.642385000E-02   0.136314788E-02
    85    300 1   0.158917628E+01   0.101530142E+01
    85    304 1   0.358522944E+01   0.269531078E+01
    85    308 1   0.192272857E+01   0.127611578E+01
    85    311 1   0.864026338E+01   0.774499035E+01
    86     89 1   0.100061858E-01   0.232012176E-02
    86     90 1   0.333354167E-01   0.983276297E-02
    86     91 1   0.149627029E+01   0.944496962E+00
    86    194 1   0.650596960E+01   0.551014388E+01
    86    295 1   0.649313651E+01   0.549710388E+01
    86    297 1   0.295975080E-01   0.852500572E-02
    87     90 1   0.496824332E-02   0.100145614E-02
    87     91 1   0.461047959E-01   0.145105485E-01
    87     92 1   0.842229574E+00   0.473920056E+00
    87    103 1   0.787112374E+01   0.692520433E+01
    87    194 1   0.257745356E+02   0.287486545E+02
    87    197 1   0.626524085E+01   0.526639984E+01
    87    198 1   0.227417674E+01   0.156090891E+01
    87    226 1   0.392724865E+01   0.300673105E+01
    87    227 1   0.642560082E-01   0.216115042E-01
    87    228 1   0.278805203E+00   0.125762034E+00
    87    229 1   0.667433804E+00   0.358491070E+00
    87    230 1   0.104082054E+01   0.610997634E+00
    87    231 1   0.406762312E+02   0.497046880E+02
    87    232 1   0.145816879E+03   0.230015902E+03
    87    254 1   0.187252234E+03   0.310528106E+03
    87    295 1   0.829543508E+00   0.465366917E+00
    87    297 1   0.408012169E-01   0.125313034E-01
    88     91 1   0.707056634E-02   0.152944388E-02
    88     92 1   0.108227032E-01   0.254912658E-02
    88     93 1   0.432235256E-01   0.134292800E-01
    88    102 1   0.957021044E+00   0.552451668E+00
    88    103 1   0.422502158E+01   0.328233740E+01
    88    104 1   0.625256313E+01   0.525361455E+01
    88    186 1   0.313041605E+02   0.363003638E+02
    88    188 1   0.162405900E+02   0.165162203E+02
    88    194 1   0.145536885E+02   0.144795877E+02
    88    196 1   0.189728476E+01   0.125587821E+01
    88    198 1   0.372622381E+00   0.178119402E+00
    88    202 1   0.405610772E+01   0.312550271E+01
    88    227 1   0.381898971E-01   0.115751516E-01
    88    228 1   0.737916925E+00   0.404387265E+00
    88    229 1   0.140724481E+01   0.877469625E+00
    89     92 1   0.154622644E-01   0.391125578E-02
    89     93 1   0.549141835E-03   0.712541134E-04
    89     94 1   0.260983039E+00   0.116177826E+00
    89    100 1   0.114662237E+01   0.686266809E+00
    89    102 1   0.872364206E-01   0.311907566E-01
    89    105 1   0.367310983E+02   0.439773647E+02
    89    194 1   0.300342415E+02   0.345404910E+02
    90    100 1   0.328450177E+01   0.242634137E+01
    90    102 1   0.950826931E-02   0.218227900E-02
    90    103 1   0.622085360E-01   0.207877977E-01
    90    105 1   0.138372886E+02   0.136285516E+02
    90    295 1   0.186224221E+01   0.122809483E+01
    90    296 1   0.895891142E+01   0.808899924E+01
    90    297 1   0.131226670E+01   0.806891304E+00
    91     95 1   0.367879261E+01   0.277993646E+01
    91    102 1   0.495522413E-02   0.998307806E-03
    91    103 1   0.342817114E-02   0.641598733E-03
    91    104 1   0.142575683E-01   0.354848569E-02
    91    105 1   0.104251067E+01   0.612188424E+00
    91    106 1   0.260073492E+01   0.183359667E+01
    91    107 1   0.497626332E+01   0.399459291E+01
    91    130 1   0.127814746E+03   0.196374756E+03
    91    179 1   0.229812524E+02   0.250516846E+02
    91    202 1   0.654670253E+01   0.555156761E+01
    91    204 1   0.817429957E+01   0.724651446E+01
    91    224 1   0.238786134E+02   0.262300688E+02
    91    225 1   0.473625009E+00   0.237525399E+00
    91    226 1   0.540871103E+00   0.278548638E+00
    91    227 1   0.393887770E-01   0.120125581E-01
    91    228 1   0.371558096E+01   0.281332936E+01
    91    293 1   0.595396083E+02   0.785155490E+02
    91    295 1   0.412376997E+01   0.318817258E+01
    91    297 1   0.135522532E+02   0.132923667E+02
    92     95 1   0.561070797E-01   0.183657937E-01
    92    100 1   0.219174184E+01   0.149326120E+01
    92    101 1   0.710492430E-01   0.243814680E-01
    92    102 1   0.376852890E-02   0.718777914E-03
    92    104 1   0.304221646E-01   0.881082627E-02
    92    105 1   0.269694650E+00   0.120846841E+00
    92    106 1   0.286149854E+01   0.205636753E+01
    92    130 1   0.685587385E+02   0.929959179E+02
    92    141 1   0.269886587E+03   0.481510836E+03
    92    179 1   0.199054422E+01   0.133031564E+01
    92    182 1   0.191084208E+02   0.200751251E+02
    92    183 1   0.106341158E+01   0.626946041E+00
    92    186 1   0.327902213E+02   0.383779454E+02
    92    188 1   0.103872005E+03   0.153104066E+03
    92    196 1   0.364429379E+02   0.435636802E+02
    92    198 1   0.218652813E+02   0.235990536E+02
    92    202 1   0.783765370E+01   0.688988207E+01
    92    227 1   0.513697080E+00   0.261840620E+00
    93     96 1   0.181634272E+01   0.119186170E+01
    93    100 1   0.336722940E-01   0.995212334E-02
    93    101 1   0.363994694E-02   0.689449668E-03
    93    102 1   0.286979028E-02   0.518332806E-03
    93    183 1   0.108052888E+02   0.101286639E+02
    94     97 1   0.270854625E-01   0.766429143E-02
    94    100 1   0.575930630E-02   0.119572887E-02
    94    101 1   0.277806769E-02   0.498516908E-03
    94    183 1   0.131800733E+02   0.128555273E+02
    94    196 1   0.456777591E+02   0.571260573E+02
    95     98 1   0.432803749E+00   0.213175711E+00
    95    100 1   0.123120286E+00   0.471611125E-01
    95    101 1   0.120665021E-02   0.183267804E-03
    95    102 1   0.112831081E+00   0.424720282E-01
    95    104 1   0.141951455E+01   0.886658379E+00
    95    105 1   0.115935960E+00   0.438783512E-01
    95    130 1   0.429723617E+03   0.841425308E+03
    95    175 1   0.244265270E+02   0.269539595E+02
    95    176 1   0.631546746E+00   0.335486544E+00
    95    179 1   0.127276937E+01   0.777836220E+00
    95    180 1   0.437704527E+00   0.216075611E+00
    95    183 1   0.440143017E+01   0.344747466E+01
    95    184 1   0.248693362E+02   0.275413698E+02
    96    105 1   0.189398259E+01   0.125325568E+01
    96    173 1   0.101375601E+02   0.938228533E+01
    96    176 1   0.117880292E+01   0.709443720E+00
    96    177 1   0.797574114E+01   0.703580451E+01
    96    179 1   0.110177781E+02   0.103681514E+02
    96    180 1   0.211351163E+01   0.142953263E+01
    96    183 1   0.473341965E+02   0.596208982E+02
    97    100 1   0.503669876E-02   0.101803727E-02
    97    101 1   0.157407571E-01   0.399594263E-02
    97    106 1   0.158182630E+02   0.160021764E+02
    98    101 1   0.314023869E-01   0.915258343E-02
    98    106 1   0.255058328E+01   0.179124881E+01
    98    109 1   0.197509161E+02   0.208878238E+02
    99    106 1   0.697002088E+01   0.598507227E+01
   101    105 1   0.137927817E+00   0.540468939E-01
   101    106 1   0.204119376E+00   0.865066678E-01
   101    109 1   0.190811918E+02   0.200408022E+02
   101    176 1   0.140455781E+02   0.138750975E+02
   102    105 1   0.645430490E-01   0.217274059E-01
   102    106 1   0.497096121E-01   0.158824301E-01
   102    176 1   0.351068105E+02   0.416541382E+02
   103    106 1   0.579102001E-02   0.120363438E-02
   103    107 1   0.243497544E-01   0.674500081E-02
   103    206 1   0.101624479E+03   0.149137378E+03
   103    225 1   0.121022105E+01   0.732193965E+00
   103    293 1   0.390375824E+02   0.473116398E+02
   103    295 1   0.137339961E+02   0.135065617E+02
   103    297 1   0.125586230E+03   0.192273278E+03
   104    107 1   0.930087902E-02   0.212528559E-02
   104    108 1   0.655882972E-01   0.221503265E-01
   104    111 1   0.130097681E+02   0.126564518E+02
   104    130 1   0.255133659E+02   0.283994424E+02
   104    175 1   0.786920672E+01   0.692318041E+01
   104    176 1   0.321246370E+01   0.236262273E+01
   104    179 1   0.125075092E+01   0.761716741E+00
   104    186 1   0.328973662E+03   0.610635233E+03
   104    202 1   0.217995307E+02   0.235139223E+02
   104    204 1   0.847906825E+00   0.477756122E+00
   104    206 1   0.702064537E+01   0.603727485E+01
   104    223 1   0.847341893E+01   0.756587076E+01
   104    225 1   0.109377054E+00   0.409166406E-01
   104    227 1   0.272907549E+01   0.194270636E+01
   105    108 1   0.404039653E-02   0.781442974E-03
   105    109 1   0.529549470E-01   0.171346939E-01
   105    130 1   0.835039370E+02   0.117824837E+03
   105    172 1   0.130789942E+01   0.803669934E+00
   105    175 1   0.787135880E+00   0.436966512E+00
   105    176 1   0.937417857E-01   0.340023059E-01
   105    179 1   0.513511075E+00   0.261726852E+00
   106    109 1   0.947329305E-02   0.217264950E-02
   106    110 1   0.593610518E-01   0.196512603E-01
   106    111 1   0.137771734E+01   0.855422472E+00
   106    113 1   0.858964132E+01   0.769057016E+01
   106    176 1   0.546219800E+01   0.446713863E+01
   107    110 1   0.117132759E-01   0.280286739E-02
   107    111 1   0.457094792E-01   0.143613753E-01
   107    204 1   0.219886060E+02   0.237588679E+02
   107    206 1   0.632563395E+01   0.532737627E+01
   107    223 1   0.407823894E+01   0.314597817E+01
   107    225 1   0.287216705E+01   0.206557106E+01
   108    111 1   0.103271722E-01   0.240971791E-02
   108    112 1   0.892749665E-01   0.320674288E-01
   108    115 1   0.130266681E+02   0.126761837E+02
   108    126 1   0.840763387E+01   0.749543864E+01
   108    128 1   0.845415209E+01   0.754523154E+01
   108    171 1   0.520325536E+01   0.421423425E+01
   108    172 1   0.762454815E-01   0.265366097E-01
   108    175 1   0.267819098E+00   0.119839049E+00
   108    176 1   0.666619996E+00   0.357966601E+00
   108    179 1   0.558565693E+01   0.458857266E+01
   108    204 1   0.145041224E+02   0.144204313E+02
   108    206 1   0.158227812E+01   0.101001516E+01
   108    223 1   0.726925513E+01   0.629471973E+01
   108    225 1   0.109610021E+02   0.103040703E+02
   109    112 1   0.823886694E-02   0.183750907E-02
   109    113 1   0.338454947E-01   0.100135839E-01
   109    116 1   0.779100223E+01   0.684069927E+01
   109    172 1   0.450101693E-01   0.140981225E-01
   109    173 1   0.139628549E+01   0.869275767E+00
   109    176 1   0.218775246E+01   0.149000018E+01
   110    113 1   0.359495847E-02   0.679236723E-03
   110    114 1   0.314994758E-01   0.918655112E-02
   110    117 1   0.656268275E+01   0.556783294E+01
   111    114 1   0.818018343E-02   0.182181450E-02
   111    115 1   0.656498088E-01   0.221752571E-01
   111    118 1   0.114268333E+02   0.108317736E+02
   111    124 1   0.102188946E+02   0.947268745E+01
   111    126 1   0.513750961E+01   0.415041650E+01
   111    175 1   0.175208397E+02   0.180906596E+02
   111    206 1   0.759529198E+01   0.663501444E+01
   111    208 1   0.302140998E+01   0.219502815E+01
   111    221 1   0.312492908E+02   0.362240249E+02
   111    223 1   0.108412514E+02   0.101691301E+02
   111    225 1   0.122950389E+03   0.187440913E+03
   112    115 1   0.293769797E-02   0.533085752E-03
   112    116 1   0.405253132E-01   0.124296861E-01
   112    124 1   0.488394732E+01   0.390583298E+01
   112    126 1   0.507478856E+01   0.408968677E+01
   112    128 1   0.117347164E+03   0.177237502E+03
   112    169 1   0.160092780E+02   0.162343385E+02
   112    170 1   0.538526696E+01   0.439174574E+01
   112    171 1   0.647418698E+00   0.345629489E+00
   112    172 1   0.846519468E-01   0.300851959E-01
   112    175 1   0.752163632E+01   0.655787752E+01
   112    176 1   0.333443610E+02   0.391575384E+02
   112    206 1   0.420702037E+02   0.517556827E+02
   113    116 1   0.574015073E-02   0.119095804E-02
   113    117 1   0.470535616E-01   0.148696076E-01
   113    172 1   0.264565788E+01   0.187166847E+01
   114    117 1   0.486945257E-02   0.977607830E-03
   114    118 1   0.599342007E-01   0.198791662E-01
   114    124 1   0.162889866E+02   0.165752995E+02
   115    118 1   0.672979377E-02   0.144142022E-02
   115    119 1   0.787957763E+00   0.437514076E+00
   115    122 1   0.112909766E+01   0.673699639E+00
   115    124 1   0.558121633E+00   0.289243183E+00
   115    126 1   0.133589684E+02   0.130651984E+02
   115    170 1   0.267088125E+02   0.300036437E+02
   115    208 1   0.177367580E+02   0.183585168E+02
   115    209 1   0.305646654E+02   0.352737862E+02
   116    170 1   0.559736937E+02   0.729070061E+02
   116    171 1   0.154665138E+02   0.155761250E+02
   116    172 1   0.170687566E+02   0.175319719E+02
   116    173 1   0.158732273E+03   0.254675276E+03
   118    121 1   0.907009610E+00   0.517991663E+00
   118    122 1   0.191277993E+00   0.800177827E-01
   118    124 1   0.745135519E+01   0.648441532E+01
   118    210 1   0.230022399E+02   0.250791410E+02
   118    212 1   0.914139674E+01   0.828711896E+01
   119    122 1   0.426786330E-01   0.132263833E-01
   119    124 1   0.166115666E+02   0.169699754E+02
   119    212 1   0.236741728E+01   0.163801653E+01
   120    123 1   0.431322090E+00   0.212300269E+00
   120    213 1   0.244980263E+01   0.170665532E+01
   121    211 1   0.992161565E+00   0.576882524E+00
   121    212 1   0.150695586E-01   0.379235636E-02
   121    213 1   0.138397840E-01   0.342407822E-02
   121    214 1   0.389908433E-01   0.118670742E-01
   121    215 1   0.122189250E+01   0.740675708E+00
   122    209 1   0.648978670E+01   0.549370090E+01
   122    210 1   0.951633621E-01   0.346220067E-01
   122    211 1   0.230154708E-01   0.630394391E-02
   122    212 1   0.935866388E-03   0.135096819E-03
   122    217 1   0.454044307E+01   0.357854420E+01
   122    219 1   0.122814600E+02   0.118110498E+02
   123    208 1   0.974170236E+01   0.894438184E+01
   123    209 1   0.870358832E+00   0.492976836E+00
   123    210 1   0.151610535E-01   0.382000349E-02
   123    211 1   0.146974432E-01   0.368026127E-02
   123    213 1   0.186938486E+00   0.778443272E-01
   124    169 1   0.822860004E+01   0.730431759E+01
   124    170 1   0.445300101E+01   0.349600348E+01
   124    208 1   0.185404680E+00   0.770785144E-01
   124    209 1   0.204270954E-01   0.546306595E-02
   124    210 1   0.134438566E-02   0.208649404E-03
   124    211 1   0.106363081E+00   0.395674072E-01
   125    168 1   0.303480633E+00   0.139234122E+00
   125    206 1   0.831279369E+01   0.739409297E+01
   125    207 1   0.103027098E+01   0.603573639E+00
   125    208 1   0.418754775E-01   0.129282646E-01
   125    209 1   0.684430843E-02   0.147090285E-02
   125    211 1   0.147262563E+01   0.926615011E+00
   125    218 1   0.128933475E+02   0.125206631E+02
   125    219 1   0.101680708E+02   0.941618058E+01
   126    167 1   0.125667276E+01   0.766046521E+00
   126    168 1   0.415630229E-01   0.128125937E-01
   126    169 1   0.346001935E-01   0.102821216E-01
   126    170 1   0.467997829E+00   0.234142963E+00
   126    171 1   0.422637578E+01   0.328359991E+01
   126    175 1   0.387964789E+01   0.296305203E+01
   126    204 1   0.709372024E+02   0.968807233E+02
   126    205 1   0.777726265E+01   0.682622537E+01
   126    206 1   0.126871608E+00   0.488906527E-01
   126    207 1   0.294012961E-01   0.845723259E-02
   126    208 1   0.187340112E-02   0.310702992E-03
   126    209 1   0.428126645E-01   0.132762436E-01
   126    210 1   0.904918407E+00   0.516558855E+00
   127    166 1   0.276308134E-01   0.784984187E-02
   127    167 1   0.113925441E-01   0.271102402E-02
   127    168 1   0.107327309E-02   0.159235828E-03
   127    169 1   0.235688884E-01   0.648627598E-02
   127    205 1   0.103023474E+01   0.603548160E+00
   127    206 1   0.328042639E-01   0.964505835E-02
   127    207 1   0.138295239E-01   0.342103232E-02
   127    208 1   0.765772027E-01   0.266752133E-01
   127    209 1   0.989691159E+00   0.575159282E+00
   128    142 1   0.461708912E+01   0.365115620E+01
   128    165 1   0.512871877E+00   0.261335956E+00
   128    166 1   0.133460272E-01   0.327801479E-02
   128    167 1   0.979606726E-02   0.226178133E-02
   128    169 1   0.200448386E+00   0.846431037E-01
   128    174 1   0.918474157E+01   0.833429433E+01
   128    175 1   0.455232554E+00   0.226500142E+00
   128    178 1   0.687830904E+00   0.371677717E+00
   128    179 1   0.273840467E+01   0.195067832E+01
   128    204 1   0.242520931E+00   0.106386758E+00
   128    205 1   0.212337230E-01   0.572294906E-02
   128    206 1   0.221965047E-02   0.380829002E-03
   128    207 1   0.496608390E-01   0.158637321E-01
   129    140 1   0.815323410E+00   0.455810577E+00
   129    142 1   0.242614996E+00   0.106436277E+00
   129    149 1   0.354314982E+02   0.421168540E+02
   129    161 1   0.333798379E+01   0.247382840E+01
   129    164 1   0.983641411E-01   0.360240610E-01
   129    165 1   0.145961197E-01   0.364983646E-02
   129    166 1   0.575628263E-02   0.119497559E-02
   129    178 1   0.949961213E+00   0.547564838E+00
   129    203 1   0.637450910E+00   0.339253704E+00
   129    204 1   0.269825395E-01   0.762935616E-02
   129    205 1   0.106474407E-01   0.249967059E-02
   129    206 1   0.106449760E+00   0.396061043E-01
   129    207 1   0.107989343E+01   0.638624509E+00
   130    139 1   0.244792154E+01   0.170508289E+01
   130    140 1   0.784276191E-01   0.274505684E-01
   130    141 1   0.113512194E-01   0.269922772E-02
   130    142 1   0.423067104E-01   0.130881907E-01
   130    149 1   0.246612497E+02   0.272650689E+02
   130    164 1   0.596284153E+00   0.313135586E+00
   130    165 1   0.232111896E+00   0.100931187E+00
   130    178 1   0.605842749E+00   0.319168778E+00
   130    179 1   0.409715258E+00   0.199603002E+00
   130    181 1   0.352745322E+01   0.264327300E+01
   130    182 1   0.545390403E-01   0.177515996E-01
   130    183 1   0.137357317E+01   0.852335670E+00
   130    186 1   0.346106975E+01   0.258369310E+01
   130    202 1   0.315754763E+00   0.146018673E+00
   130    203 1   0.253133938E-01   0.706657469E-02
   130    204 1   0.206562691E-02   0.349341969E-03
   130    225 1   0.415426931E+01   0.321648908E+01
   130    226 1   0.534868848E+01   0.435597390E+01
   130    227 1   0.201081730E+02   0.213420257E+02
   131    138 1   0.877377522E-01   0.314059770E-01
   131    139 1   0.218429769E-01   0.592055876E-02
   131    140 1   0.137152191E-02   0.213713425E-03
   131    141 1   0.289096454E-02   0.522925501E-03
   131    146 1   0.404869099E+01   0.311864586E+01
   131    149 1   0.153781283E+01   0.976051382E+00
   131    150 1   0.226243316E+02   0.245855209E+02
   131    161 1   0.332246938E+01   0.246003728E+01
   131    163 1   0.961967497E+01   0.881010292E+01
   131    164 1   0.389315578E+00   0.187737332E+00
   131    165 1   0.994332816E+00   0.578397798E+00
   131    186 1   0.843724491E+00   0.474929658E+00
   131    200 1   0.431416063E+01   0.336561224E+01
   131    201 1   0.129549732E+01   0.794533704E+00
   131    202 1   0.387792467E-01   0.117898355E-01
   131    203 1   0.104442853E-01   0.244254727E-02
   131    205 1   0.121135249E+01   0.733015481E+00
   131    224 1   0.202393889E+02   0.215092554E+02
   131    281 1   0.255441417E+02   0.284405560E+02
   132    136 1   0.256305134E+01   0.180176136E+01
   132    137 1   0.639126711E+00   0.340324226E+00
   132    138 1   0.147921153E-01   0.370872682E-02
   132    139 1   0.922592395E-02   0.210474918E-02
   132    140 1   0.742735958E-01   0.257151963E-01
   132    141 1   0.945545876E-01   0.343563984E-01
   132    147 1   0.323580332E+01   0.238323596E+01
   132    149 1   0.399898358E+01   0.307275581E+01
   132    182 1   0.294142326E+01   0.212548249E+01
   132    185 1   0.382583941E+01   0.291380570E+01
   132    186 1   0.147043423E+00   0.583610675E-01
   132    187 1   0.740466138E+00   0.406064242E+00
   132    199 1   0.313832814E+01   0.229734662E+01
   132    200 1   0.322610353E-01   0.945371411E-02
   132    201 1   0.146444892E-01   0.366435531E-02
   132    202 1   0.165479334E-02   0.267720127E-03
   132    203 1   0.278685404E-01   0.793095656E-02
   133    136 1   0.183649889E-01   0.480814225E-02
   133    137 1   0.140215374E-01   0.347810963E-02
   133    138 1   0.230970064E-02   0.399443481E-03
   133    148 1   0.131612771E+01   0.809741027E+00
   133    161 1   0.331812759E+02   0.389278307E+02
   133    187 1   0.332850884E+01   0.246540437E+01
   133    199 1   0.152911648E+01   0.969431634E+00
   133    200 1   0.103016467E-01   0.240257241E-02
   133    201 1   0.737871747E-02   0.160977642E-02
   133    203 1   0.594873875E+00   0.312247076E+00
   133    226 1   0.104366184E+02   0.971539069E+01
   133    229 1   0.444234401E+01   0.348596585E+01
   133    246 1   0.829198130E+01   0.737188379E+01
   133    249 1   0.229764302E+01   0.158025644E+01
   133    250 1   0.208676594E+01   0.140785197E+01
   133    253 1   0.370170889E+01   0.280072983E+01
   133    276 1   0.704511911E+01   0.606253853E+01
   133    277 1   0.646192526E+00   0.344844116E+00
   133    278 1   0.428960382E+00   0.210906092E+00
   133    281 1   0.129046756E+02   0.125338651E+02
   134    137 1   0.150891448E-01   0.379827194E-02
   134    139 1   0.128501502E+00   0.496453240E-01
   134    147 1   0.253172607E+01   0.177536871E+01
   134    187 1   0.344799722E+00   0.162281417E+00
   134    188 1   0.743687026E+01   0.646929194E+01
   134    189 1   0.452493830E+02   0.564837729E+02
   134    199 1   0.145121893E+00   0.574470889E-01
   134    200 1   0.324987928E-02   0.601768123E-03
   134    201 1   0.171746864E+00   0.703161497E-01
   134    242 1   0.270736765E+02   0.304961620E+02
   134    245 1   0.601047747E+01   0.501047930E+01
   134    246 1   0.283461948E+00   0.128286874E+00
   134    249 1   0.443507283E+00   0.219517633E+00
   134    250 1   0.110929450E+01   0.659545459E+00
   135    139 1   0.333139332E+01   0.246796841E+01
   135    199 1   0.145266049E+01   0.911560410E+00
   135    242 1   0.571637324E+01   0.471773124E+01
   135    245 1   0.272606895E+00   0.122414456E+00
   135    246 1   0.400094000E-01   0.122400432E-01
   135    249 1   0.219799117E-01   0.596512620E-02
   135    250 1   0.751069710E+00   0.413052068E+00
   135    253 1   0.663841469E+01   0.564502356E+01
   136    148 1   0.152878929E+01   0.969182718E+00
   136    149 1   0.985630870E+01   0.907080144E+01
   136    200 1   0.153119588E+01   0.971013807E+00
   136    201 1   0.364089181E+01   0.274560358E+01
   136    248 1   0.462496136E+01   0.365862784E+01
   136    249 1   0.443365132E-01   0.138452992E-01
   136    250 1   0.940728303E+00   0.541184758E+00
   136    252 1   0.268316721E+01   0.190355658E+01
   136    253 1   0.768435918E+00   0.424539097E+00
   136    275 1   0.194737977E+02   0.205366352E+02
   136    276 1   0.864614704E+00   0.489075203E+00
   136    277 1   0.354692051E+00   0.167884364E+00
   136    278 1   0.211128807E+01   0.142772806E+01
   137    147 1   0.181267138E+00   0.750190219E-01
   137    148 1   0.498937088E-02   0.100656876E-02
   137    277 1   0.104907138E+01   0.616814467E+00
   138    146 1   0.887918666E+00   0.504935990E+00
   138    147 1   0.678636485E-01   0.230756078E-01
   138    148 1   0.153069155E-02   0.243811241E-03
   138    149 1   0.522910135E-02   0.106488075E-02
   138    150 1   0.347531205E+00   0.163825337E+00
   138    151 1   0.312196233E+01   0.228297783E+01
   138    160 1   0.464170069E+02   0.582372773E+02
   138    161 1   0.263468485E+01   0.186235690E+01
   138    162 1   0.874016601E+01   0.785257552E+01
   138    203 1   0.366976430E+01   0.277175162E+01
   138    277 1   0.971618206E+00   0.562578689E+00
   138    280 1   0.453398061E+02   0.566192477E+02
   138    281 1   0.150967826E+02   0.151303783E+02
   139    143 1   0.111250026E+01   0.661833353E+00
   139    144 1   0.524064714E+00   0.268194833E+00
   139    146 1   0.329583867E-01   0.969946181E-02
   139    147 1   0.108723002E-02   0.161723908E-03
   139    148 1   0.646684014E-02   0.137410226E-02
   139    164 1   0.215801136E+01   0.146572662E+01
   139    182 1   0.119559637E+02   0.114364177E+02
   139    185 1   0.503128825E+01   0.404765551E+01
   139    186 1   0.178978921E+01   0.117098347E+01
   139    187 1   0.390584415E+01   0.298707685E+01
   139    200 1   0.393726140E+01   0.301593240E+01
   140    143 1   0.124915658E-01   0.302781098E-02
   140    144 1   0.836164746E-01   0.296441313E-01
   140    145 1   0.417145492E+00   0.203954630E+00
   140    146 1   0.148576244E-01   0.372844511E-02
   140    147 1   0.640108379E-01   0.215125909E-01
   140    148 1   0.291715265E+00   0.132782087E+00
   140    149 1   0.233094352E+00   0.101444056E+00
   140    161 1   0.854661404E+01   0.764436498E+01
   140    162 1   0.111508717E+02   0.105186278E+02
   140    163 1   0.127016749E+01   0.775928485E+00
   140    164 1   0.582505684E-01   0.192109440E-01
   140    165 1   0.141595662E+00   0.557761381E-01
   140    185 1   0.229148619E+01   0.157517640E+01
   141    144 1   0.998135936E-01   0.366619984E-01
   141    164 1   0.195086867E+01   0.129856037E+01
   141    165 1   0.703520276E+00   0.381874313E+00
   141    178 1   0.251566463E+01   0.176186163E+01
   141    181 1   0.489459527E+00   0.247086289E+00
   141    182 1   0.368653744E-02   0.700052938E-03
   141    183 1   0.379085113E+00   0.181832948E+00
   141    184 1   0.128252890E+01   0.784998987E+00
   141    185 1   0.282621300E-01   0.806555712E-02
   141    186 1   0.712145334E-01   0.244495496E-01
   141    200 1   0.200527112E+02   0.212714073E+02
   141    201 1   0.244573017E+02   0.269947154E+02
   141    202 1   0.172620982E+01   0.112124573E+01
   141    203 1   0.268124265E+01   0.190191825E+01
   142    165 1   0.498186123E-01   0.159242305E-01
   142    167 1   0.126679561E+01   0.773457335E+00
   142    169 1   0.828987955E+02   0.116800948E+03
   142    177 1   0.784705731E+01   0.689980303E+01
   142    178 1   0.166556446E+00   0.677738627E-01
   142    179 1   0.141123910E+01   0.880459176E+00
   142    181 1   0.993064858E-01   0.364385965E-01
   142    182 1   0.851888364E-02   0.191270383E-02
   142    185 1   0.395329824E+00   0.191222943E+00
   142    204 1   0.906864421E+01   0.820803765E+01
   143    146 1   0.687863269E-01   0.234526027E-01
   143    147 1   0.188755096E+01   0.124815042E+01
   143    149 1   0.205715738E+02   0.219335802E+02
   143    163 1   0.947229819E+01   0.864838346E+01
   143    165 1   0.837970754E-01   0.297209808E-01
   143    167 1   0.909220435E+01   0.823363346E+01
   143    185 1   0.184456234E+01   0.121411691E+01
   144    147 1   0.207398363E+00   0.881769137E-01
   144    181 1   0.146564237E+02   0.146023287E+02
   144    185 1   0.761452889E+00   0.419913803E+00
   145    148 1   0.290039263E+01   0.208995365E+01
   145    163 1   0.133885560E+02   0.130999305E+02
   146    149 1   0.126267289E+00   0.486113331E-01
   146    162 1   0.161927177E+02   0.164578157E+02
   146    163 1   0.577890641E+00   0.301580528E+00
   146    164 1   0.605597206E+00   0.319013557E+00
   146    165 1   0.223234234E+01   0.152651635E+01
   147    187 1   0.371887329E+02   0.446356807E+02
   148    151 1   0.642678320E+01   0.542976312E+01
   148    162 1   0.737476977E+01   0.640452115E+01
   148    163 1   0.172543054E+01   0.112063835E+01
   148    277 1   0.183627281E+02   0.191387314E+02
   149    161 1   0.160446509E+00   0.648014657E-01
   149    162 1   0.716581925E-01   0.246324451E-01
   149    163 1   0.225412503E-01   0.614839987E-02
   149    164 1   0.129097109E+00   0.499215801E-01
   149    277 1   0.723492802E+01   0.625906644E+01
   149    281 1   0.307250174E+02   0.354959717E+02
   150    160 1   0.122105402E+01   0.740065837E+00
   150    161 1   0.336448525E-01   0.994239145E-02
   150    162 1   0.111174184E-01   0.263265072E-02
   150    164 1   0.142345317E+01   0.889611372E+00
   150    277 1   0.255299337E+01   0.179328010E+01
   150    281 1   0.100472625E+02   0.928209062E+01
   151    157 1   0.156210302E+02   0.157630449E+02
   151    159 1   0.728147304E-01   0.251102825E-01
   151    160 1   0.295409133E-01   0.850544823E-02
   151    161 1   0.633910983E-02   0.134159810E-02
   151    274 1   0.115666832E+02   0.109910482E+02
   151    276 1   0.141086270E+02   0.139498715E+02
   151    277 1   0.416572801E+00   0.203618670E+00
   151    280 1   0.569782929E+00   0.296510327E+00
   151    281 1   0.489853197E+00   0.247324785E+00
   151    283 1   0.251338989E+02   0.278933284E+02
   152    157 1   0.953618930E+00   0.550095814E+00
   152    158 1   0.934167735E+00   0.536658904E+00
   152    159 1   0.160411399E-01   0.408762246E-02
   152    160 1   0.132223236E-01   0.324158820E-02
   152    162 1   0.331040363E-01   0.975092112E-02
   152    280 1   0.536780198E+01   0.437465982E+01
   152    281 1   0.446992125E+01   0.351195021E+01
   153    157 1   0.211948132E-02   0.360299796E-03
   153    158 1   0.906145642E-02   0.205980501E-02
   153    159 1   0.889793261E-03   0.127155585E-03
   153    160 1   0.360948104E-01   0.108173834E-01
   153    274 1   0.417637029E+02   0.513035362E+02
   153    280 1   0.559403618E+01   0.459683408E+01
   153    283 1   0.140147916E+02   0.138386102E+02
   154    157 1   0.143194122E-02   0.225060217E-03
   154    158 1   0.502676598E-02   0.101562856E-02
   154    159 1   0.224595735E-01   0.612167557E-02
   154    160 1   0.961309671E-01   0.350448720E-01
   154    222 1   0.550805617E+02   0.715132535E+02
   154    284 1   0.227075721E+02   0.246941082E+02
   154    289 1   0.986949875E+02   0.143993411E+03
   155    160 1   0.742447184E+01   0.645635172E+01
   155    209 1   0.636989245E+03   0.134941963E+04
   156    283 1   0.738812431E+02   0.101725431E+03
   156    289 1   0.256157109E+02   0.285362040E+02
   157    274 1   0.985020283E+02   0.143655650E+03
   157    280 1   0.265407936E+02   0.297772913E+02
   157    283 1   0.119209957E+02   0.113962913E+02
   158    222 1   0.214521578E+02   0.230650120E+02
   158    224 1   0.181549145E+03   0.299213754E+03
   158    280 1   0.270453614E+01   0.192176310E+01
   158    281 1   0.208819881E+01   0.140901208E+01
   158    283 1   0.397374943E+00   0.192410638E+00
   158    284 1   0.147087476E+00   0.583820498E-01
   158    288 1   0.152124189E+01   0.963443910E+00
   158    289 1   0.363201903E+01   0.273757636E+01
   159    205 1   0.848315162E+02   0.120076267E+03
   159    222 1   0.208571660E+02   0.222994865E+02
   159    224 1   0.706400841E+02   0.963939890E+02
   159    273 1   0.996619528E+01   0.919229122E+01
   159    274 1   0.106068961E+02   0.990591239E+01
   159    277 1   0.673509976E+01   0.574382691E+01
   159    280 1   0.130637832E+00   0.506373838E-01
   159    281 1   0.569018978E-01   0.186784402E-01
   159    283 1   0.251184717E+00   0.110963554E+00
   159    284 1   0.528561850E+00   0.270958937E+00
   160    164 1   0.580538628E+01   0.480602306E+01
   160    166 1   0.441529441E+02   0.548453869E+02
   160    205 1   0.709208046E+01   0.611106480E+01
   160    207 1   0.158996900E+02   0.161010757E+02
   160    222 1   0.424704434E+01   0.330287896E+01
   160    224 1   0.167118008E+02   0.170929257E+02
   160    280 1   0.127698274E+01   0.780927176E+00
   160    281 1   0.697078478E-01   0.238301356E-01
   161    164 1   0.842951831E-01   0.299331081E-01
   161    166 1   0.665517391E+01   0.566212946E+01
   161    203 1   0.862068045E+01   0.772393055E+01
   161    205 1   0.443171074E+01   0.347595537E+01
   161    224 1   0.311111442E+02   0.360319432E+02
   161    277 1   0.595768753E+01   0.495771743E+01
   161    281 1   0.390369105E+00   0.188347140E+00
   162    166 1   0.469152507E+01   0.372190560E+01
   163    166 1   0.159313737E+01   0.101833899E+01
   164    205 1   0.875083070E+01   0.786407491E+01
   165    178 1   0.837158754E+01   0.745689266E+01
   165    204 1   0.148698116E+02   0.148578189E+02
   166    205 1   0.247541453E+01   0.172808869E+01
   166    207 1   0.219514904E+01   0.149604728E+01
   167    174 1   0.503551962E+01   0.405174080E+01
   167    175 1   0.195613528E+01   0.130276826E+01
   167    177 1   0.152334466E+02   0.152948884E+02
   167    178 1   0.702765471E+00   0.381382712E+00
   167    181 1   0.407290063E+02   0.497820849E+02
   167    182 1   0.267381769E+02   0.300432322E+02
   168    174 1   0.403647894E+01   0.310736116E+01
   168    207 1   0.411457937E+01   0.317964794E+01
   168    209 1   0.165425196E+02   0.168853666E+02
   169    174 1   0.599541107E-01   0.198870911E-01
   169    175 1   0.529185249E-01   0.171205527E-01
   169    178 1   0.172226135E+01   0.111816880E+01
   169    204 1   0.133547174E+03   0.206990372E+03
   169    206 1   0.568408596E+01   0.468577325E+01
   170    174 1   0.100910260E+00   0.371459006E-01
   170    175 1   0.555655024E+00   0.287709895E+00
   171    174 1   0.670939340E-02   0.143617847E-02
   171    175 1   0.817608484E-01   0.288564546E-01
   172    175 1   0.346031312E-02   0.648824116E-03
   172    176 1   0.448067512E-01   0.140216993E-01
   172    179 1   0.775111881E+01   0.679869841E+01
   173    176 1   0.457921532E-02   0.908108585E-03
   173    177 1   0.689904211E-01   0.235361302E-01
   174    177 1   0.480690851E-02   0.962559382E-03
   174    178 1   0.745859652E-01   0.258450300E-01
   174    204 1   0.238478802E+03   0.415076592E+03
   175    178 1   0.719724453E-02   0.156238483E-02
   175    179 1   0.500811649E-01   0.160249916E-01
   175    204 1   0.148485478E+02   0.148323267E+02
   175    205 1   0.226529841E+02   0.246228891E+02
   175    206 1   0.462140661E+01   0.365525366E+01
   176    179 1   0.601537341E-02   0.125980583E-02
   176    180 1   0.404866241E-01   0.124154476E-01
   176    204 1   0.343664876E+02   0.406023043E+02
   177    180 1   0.523383720E-02   0.106603817E-02
   177    181 1   0.416578118E-01   0.128476663E-01
   177    182 1   0.105995980E+01   0.624504795E+00
   177    183 1   0.419242242E+01   0.325197012E+01
   178    181 1   0.924012090E-02   0.210863635E-02
   178    182 1   0.337597147E-01   0.998313688E-02
   178    204 1   0.555394933E+01   0.455733338E+01
   179    182 1   0.846372231E-02   0.189785134E-02
   179    183 1   0.269908389E-01   0.763217227E-02
   179    204 1   0.925768545E+00   0.530873942E+00
   179    206 1   0.175433671E+02   0.181185753E+02
   179    225 1   0.253598379E+02   0.281944918E+02
   180    183 1   0.855452553E-02   0.192231084E-02
   180    184 1   0.634952480E-01   0.213048251E-01
   180    185 1   0.158039488E+01   0.100857278E+01
   181    184 1   0.150221958E-01   0.377805787E-02
   181    185 1   0.663652573E-01   0.224655701E-01
   182    185 1   0.754975704E-02   0.165465736E-02
   182    186 1   0.549466413E-01   0.179109196E-01
   182    202 1   0.315736139E+01   0.231407621E+01
   183    186 1   0.877725376E-02   0.198252599E-02
   183    188 1   0.388595051E+01   0.296882926E+01
   183    196 1   0.305966514E+02   0.353180878E+02
   183    202 1   0.156543252E+01   0.997125274E+00
   184    187 1   0.673498491E+00   0.362403561E+00
   184    188 1   0.167138149E+01   0.107864668E+01
   186    196 1   0.134910145E+02   0.132203221E+02
   186    197 1   0.131309845E+02   0.127980926E+02
   186    198 1   0.109624439E+01   0.650245511E+00
   186    199 1   0.152077435E+01   0.963088593E+00
   186    200 1   0.379067666E+00   0.181822905E+00
   186    201 1   0.272656514E+01   0.194056215E+01
   186    202 1   0.368967542E+00   0.176024978E+00
   186    227 1   0.179262583E+02   0.185941395E+02
   186    228 1   0.404506738E+02   0.493741254E+02
   186    229 1   0.363976703E+02   0.434987530E+02
   187    197 1   0.209302846E+01   0.141292355E+01
   187    199 1   0.490938004E-01   0.156466183E-01
   187    200 1   0.620861975E-01   0.207387501E-01
   187    246 1   0.666535010E+01   0.567252036E+01
   188    195 1   0.138598312E+01   0.861584811E+00
   188    196 1   0.306778725E-01   0.889977013E-02
   188    197 1   0.217973935E-01   0.590573535E-02
   188    198 1   0.116186306E-01   0.277571222E-02
   188    199 1   0.229308381E-01   0.627613704E-02
   188    200 1   0.399158855E+00   0.193447635E+00
   189    194 1   0.788343356E+00   0.437771010E+00
   189    195 1   0.954798545E-01   0.347602269E-01
   189    196 1   0.223005535E-01   0.606970067E-02
   189    197 1   0.134997141E-01   0.332336459E-02
   189    199 1   0.148799599E+00   0.591984882E-01
   189    242 1   0.578664155E+01   0.478740756E+01
   189    243 1   0.627333725E+00   0.332802719E+00
   189    246 1   0.570839488E+01   0.470983088E+01
   190    194 1   0.371159765E-01   0.111856589E-01
   190    195 1   0.515570277E-03   0.660592974E-04
   190    196 1   0.162540875E-01   0.415282486E-02
   190    199 1   0.448007316E+01   0.352152383E+01
   190    239 1   0.618816598E+01   0.518875122E+01
   190    243 1   0.223030502E+01   0.152484471E+01
   190    246 1   0.454649683E+02   0.568068588E+02
   191    194 1   0.779096826E-02   0.171829698E-02
   191    195 1   0.191755822E-01   0.506391929E-02
   191    197 1   0.824988512E-01   0.291692985E-01
   191    199 1   0.520813105E+01   0.421897341E+01
   191    232 1   0.129257329E+02   0.125584117E+02
   191    236 1   0.315125931E+01   0.230871048E+01
   191    237 1   0.293579489E-01   0.844227232E-02
   191    239 1   0.158848359E+00   0.640276825E-01
   191    243 1   0.426101225E+00   0.209220311E+00
   191    246 1   0.190343582E+02   0.199817900E+02
   192    235 1   0.618939856E+01   0.518999147E+01
   192    236 1   0.225478754E+00   0.974799405E-01
   192    237 1   0.512695039E-02   0.103996672E-02
   192    238 1   0.560483389E-01   0.183427226E-01
   192    239 1   0.651339301E+00   0.348142661E+00
   192    243 1   0.106621776E+02   0.996789833E+01
   192    303 1   0.940980593E+02   0.135983215E+03
   193    197 1   0.440568374E+00   0.217773227E+00
   193    199 1   0.431285316E+02   0.533219607E+02
   193    230 1   0.112592761E+02   0.106414563E+02
   193    231 1   0.293402189E+02   0.335849359E+02
   193    232 1   0.252019732E+01   0.176567171E+01
   193    233 1   0.673122190E+01   0.573985859E+01
   193    236 1   0.141403425E+00   0.556852813E-01
   193    237 1   0.923689076E-02   0.210775182E-02
   193    299 1   0.250907760E+02   0.278359095E+02
   193    303 1   0.163668399E+02   0.166704110E+02
   193    304 1   0.109605094E+02   0.103035146E+02
   193    307 1   0.113486525E+03   0.170263541E+03
   194    197 1   0.451758913E-02   0.893463015E-03
   194    198 1   0.118821488E+01   0.716246460E+00
   194    199 1   0.984637953E+01   0.905983712E+01
   194    232 1   0.161562597E+02   0.164133600E+02
   194    237 1   0.716657388E+00   0.390447281E+00
   197    200 1   0.188657245E+01   0.124737401E+01
   197    229 1   0.578683120E+00   0.302076876E+00
   197    230 1   0.178478833E+01   0.116705833E+01
   197    232 1   0.144328319E+02   0.143354183E+02
   197    237 1   0.621811793E+01   0.521890329E+01
   197    243 1   0.657570045E+01   0.558108876E+01
   197    250 1   0.331273617E+02   0.388519412E+02
   198    201 1   0.221124978E+00   0.952256327E-01
   198    227 1   0.107137089E+01   0.632581251E+00
   198    228 1   0.370758368E+00   0.177050704E+00
   198    229 1   0.953337576E-02   0.218919555E-02
   198    230 1   0.467061929E+00   0.233581190E+00
   198    232 1   0.200602718E+02   0.212810317E+02
   198    246 1   0.369940921E+01   0.279864203E+01
   198    250 1   0.407708143E+01   0.314490670E+01
   199    229 1   0.384745612E-01   0.116787648E-01
   199    230 1   0.125840539E+01   0.767314116E+00
   199    232 1   0.127899399E+02   0.124002576E+02
   199    237 1   0.401105899E+02   0.488764171E+02
   199    239 1   0.241362514E+02   0.265700450E+02
   199    243 1   0.735509917E+00   0.402804899E+00
   199    244 1   0.536420890E+01   0.437114610E+01
   199    246 1   0.335876707E-01   0.992211753E-02
   199    247 1   0.247730979E+00   0.109135210E+00
   199    249 1   0.204733138E+01   0.137598683E+01
   199    250 1   0.309319184E+00   0.142454683E+00
   199    251 1   0.115324550E+02   0.109520300E+02
   199    253 1   0.321177824E+02   0.374354593E+02
   200    227 1   0.164444441E+01   0.105781943E+01
   200    229 1   0.310918132E-01   0.904406684E-02
   200    246 1   0.423377430E+00   0.207616443E+00
   200    249 1   0.149920172E+01   0.946717900E+00
   200    250 1   0.247703823E+00   0.109120853E+00
   201    226 1   0.148290736E+00   0.589556358E-01
   201    227 1   0.364214889E-01   0.109349736E-01
   201    228 1   0.123715724E-02   0.188841910E-03
   201    229 1   0.124101566E-01   0.300414725E-02
   201    231 1   0.183162694E+02   0.190806397E+02
   201    249 1   0.635878424E+01   0.536089636E+01
   201    250 1   0.577012578E+00   0.301030736E+00
   201    253 1   0.270867127E+01   0.192528961E+01
   201    254 1   0.513874093E+01   0.415161021E+01
   201    257 1   0.364715224E+02   0.436046872E+02
   201    276 1   0.284613932E+02   0.323814200E+02
   201    277 1   0.826328893E+01   0.734128407E+01
   201    278 1   0.637684839E+00   0.339403107E+00
   202    224 1   0.701053371E+01   0.602684195E+01
   202    225 1   0.763342348E+00   0.421164475E+00
   202    226 1   0.170055295E-01   0.438426398E-02
   202    227 1   0.959979897E-02   0.220751199E-02
   202    228 1   0.475873532E-01   0.150722595E-01
   202    278 1   0.494849640E+01   0.396786067E+01
   203    223 1   0.728651097E+01   0.631265495E+01
   203    224 1   0.150875177E+00   0.601907637E-01
   203    225 1   0.386986232E-01   0.117604278E-01
   203    226 1   0.309562341E-02   0.567657330E-03
   203    227 1   0.128192025E+00   0.495018825E-01
   203    228 1   0.822738861E+00   0.460789864E+00
   203    277 1   0.193443076E+02   0.203728755E+02
   203    278 1   0.228096165E+01   0.156649886E+01
   203    281 1   0.229966972E+01   0.158192928E+01
   203    282 1   0.855322394E+01   0.765146005E+01
   204    223 1   0.800817192E+00   0.446096247E+00
   204    224 1   0.324694871E-01   0.952706257E-02
   204    225 1   0.825098484E-02   0.184075272E-02
   204    226 1   0.543269377E-01   0.176687886E-01
   204    227 1   0.106922575E+01   0.631061663E+00
   204    281 1   0.216800179E+02   0.233593131E+02
   205    221 1   0.684351170E+01   0.585495176E+01
   205    222 1   0.127524736E+00   0.491928317E-01
   205    223 1   0.176341080E-01   0.457944344E-02
   205    224 1   0.249204515E-02   0.437578114E-03
   205    226 1   0.940714572E+00   0.541175279E+00
   206    220 1   0.882457996E+01   0.794367294E+01
   206    221 1   0.735622377E+00   0.402878807E+00
   206    222 1   0.363587621E-01   0.109123782E-01
   206    223 1   0.505263942E-02   0.102190488E-02
   206    224 1   0.716448318E-01   0.246269339E-01
   206    225 1   0.877434619E+00   0.497790062E+00
   207    219 1   0.114748389E+02   0.108864033E+02
   207    220 1   0.214114531E+00   0.916144279E-01
   207    221 1   0.243362166E-01   0.674050101E-02
   207    222 1   0.237128143E-02   0.412257176E-03
   207    223 1   0.319613995E-01   0.934844654E-02
   207    224 1   0.954632596E+00   0.550797569E+00
   208    219 1   0.108231771E+01   0.640345291E+00
   208    220 1   0.249303516E-01   0.693845200E-02
   208    221 1   0.101152136E-01   0.235049090E-02
   208    222 1   0.825834194E-01   0.292051834E-01
   208    223 1   0.344689346E+00   0.162219081E+00
   209    218 1   0.282874425E+00   0.127967865E+00
   209    219 1   0.282724963E-01   0.806910729E-02
   209    220 1   0.151548674E-02   0.240907917E-03
   209    221 1   0.688810951E-01   0.234913814E-01
   209    222 1   0.165715950E+01   0.106764207E+01
   210    217 1   0.114841242E+01   0.687552653E+00
   210    218 1   0.227044703E-01   0.620186278E-02
   210    219 1   0.145640788E-01   0.364022417E-02
   210    220 1   0.658801629E-01   0.222686609E-01
   211    216 1   0.863674156E-01   0.308182811E-01
   211    217 1   0.159348220E-01   0.405513357E-02
   211    218 1   0.796149042E-03   0.111270940E-03
   211    219 1   0.571076559E-01   0.187595193E-01
   212    215 1   0.118462801E-01   0.284110248E-02
   212    216 1   0.148436899E-01   0.372424935E-02
   212    217 1   0.254364415E-01   0.710781521E-02
   212    218 1   0.112593252E+00   0.423646223E-01
   212    219 1   0.195975387E+01   0.130566073E+01
   213    216 1   0.507052523E-02   0.102624733E-02
   213    217 1   0.281326280E+00   0.127127899E+00
   213    218 1   0.155770130E+01   0.991218786E+00
   220    289 1   0.289862769E+02   0.330993471E+02
   222    280 1   0.250386574E+03   0.440069986E+03
   222    281 1   0.170644686E+02   0.175266868E+02
   222    283 1   0.540949883E+02   0.699804838E+02
   222    284 1   0.459969674E+01   0.363465792E+01
   222    285 1   0.542890925E+01   0.443448921E+01
   222    290 1   0.887819430E+00   0.504868272E+00
   223    291 1   0.415465582E+01   0.321684819E+01
   224    278 1   0.298957693E+02   0.343494813E+02
   224    280 1   0.793743964E+02   0.110867697E+03
   224    281 1   0.270149249E+01   0.191916812E+01
   224    282 1   0.178410484E+01   0.116652204E+01
   224    284 1   0.862447413E+01   0.772800960E+01
   224    285 1   0.122231439E+01   0.740982605E+00
   224    290 1   0.374103815E+01   0.283647571E+01
   226    278 1   0.367063345E+01   0.277253940E+01
   226    281 1   0.689410648E+01   0.590693359E+01
   226    282 1   0.380336819E+01   0.289328055E+01
   226    285 1   0.141177867E+02   0.139607402E+02
   227    278 1   0.214396920E+02   0.230489292E+02
   228    250 1   0.146328612E+01   0.919567485E+00
   228    253 1   0.472447829E+01   0.375329874E+01
   228    254 1   0.141870539E+01   0.886051907E+00
   228    257 1   0.109236979E+02   0.102620026E+02
   228    278 1   0.264782383E+01   0.187350738E+01
   228    282 1   0.302094650E+02   0.347824480E+02
   228    294 1   0.140567664E+02   0.138883617E+02
   228    314 1   0.248572554E+03   0.436246859E+03
   229    232 1   0.216712287E+01   0.147315602E+01
   229    250 1   0.671763332E-01   0.227954441E-01
   229    253 1   0.313059647E+01   0.229055652E+01
   229    254 1   0.949604577E+00   0.547318166E+00
   229    257 1   0.305370362E+02   0.352355264E+02
   230    237 1   0.167082550E+02   0.170885737E+02
   230    247 1   0.176152544E+01   0.114882851E+01
   230    250 1   0.210718008E+00   0.898732580E-01
   230    251 1   0.393565884E+00   0.190199529E+00
   230    254 1   0.586881208E+00   0.307219479E+00
   231    250 1   0.388925065E-01   0.118311680E-01
   231    251 1   0.286324755E-02   0.516915056E-03
   231    254 1   0.100118866E+00   0.367965931E-01
   231    255 1   0.880925308E+00   0.500167431E+00
   231    307 1   0.215138542E+01   0.146032786E+01
   231    310 1   0.133401636E+02   0.130431320E+02
   231    311 1   0.544030861E+01   0.444566514E+01
   232    236 1   0.361741170E+00   0.171896103E+00
   232    237 1   0.166672776E+00   0.678306702E-01
   232    239 1   0.296835945E+01   0.214886084E+01
   232    243 1   0.137930754E+02   0.135763128E+02
   232    244 1   0.499529020E+01   0.401292804E+01
   232    247 1   0.151398628E+00   0.604414441E-01
   232    250 1   0.100366294E+01   0.584916628E+00
   232    251 1   0.141440073E+00   0.557026006E-01
   232    254 1   0.784402815E+01   0.689660696E+01
   232    304 1   0.766247965E+01   0.670550831E+01
   232    307 1   0.127184176E+01   0.777155992E+00
   233    236 1   0.173055864E-01   0.447725765E-02
   233    237 1   0.869934942E-01   0.310865577E-01
   233    304 1   0.521650759E+01   0.422711746E+01
   233    306 1   0.118952363E+02   0.113667470E+02
   233    307 1   0.151724688E+01   0.960408530E+00
   233    310 1   0.629123738E+02   0.838825820E+02
   234    237 1   0.107930894E-01   0.254075878E-02
   234    238 1   0.139846475E-01   0.346713165E-02
   234    239 1   0.200011428E-01   0.532665143E-02
   234    240 1   0.707153210E+00   0.384241903E+00
   234    243 1   0.368650426E+01   0.278693084E+01
   234    244 1   0.458164094E+00   0.228251565E+00
   234    247 1   0.893619710E+00   0.508828925E+00
   234    248 1   0.484446171E+01   0.386797035E+01
   234    251 1   0.122829730E+02   0.118127959E+02
   235    238 1   0.188080623E-01   0.494767734E-02
   235    303 1   0.254134598E+02   0.282660458E+02
   235    307 1   0.583749487E+02   0.766761535E+02
   236    303 1   0.230357195E+01   0.158515101E+01
   236    304 1   0.225436501E+01   0.154460553E+01
   236    306 1   0.476370000E+02   0.600788746E+02
   236    307 1   0.174340123E+02   0.179831316E+02
   237    243 1   0.177642737E+01   0.116050082E+01
   237    244 1   0.270003498E+01   0.191792568E+01
   237    247 1   0.343950875E+01   0.256439078E+01
   237    304 1   0.253553498E+02   0.281885042E+02
   238    243 1   0.134596195E+01   0.831817097E+00
   239    243 1   0.565978601E-02   0.117097741E-02
   239    244 1   0.663680943E-02   0.141755436E-02
   239    246 1   0.205306370E+01   0.138061127E+01
   239    247 1   0.462768062E+00   0.231006690E+00
   240    243 1   0.173393422E-01   0.448773955E-02
   240    244 1   0.482014211E-02   0.965740212E-03
   241    244 1   0.152223043E-01   0.383853039E-02
   241    245 1   0.976902563E-01   0.357281067E-01
   241    248 1   0.164027169E+02   0.167142715E+02
   242    245 1   0.577945157E-02   0.120074962E-02
   242    246 1   0.533677324E-01   0.172950971E-01
   242    247 1   0.118004902E+01   0.710343750E+00
   243    246 1   0.850307360E-02   0.190844492E-02
   243    247 1   0.477975932E-01   0.151522016E-01
   243    250 1   0.122282510E+02   0.117496713E+02
   244    247 1   0.315550402E-02   0.580859357E-03
   244    248 1   0.444833003E-01   0.139003234E-01
   244    251 1   0.787052011E+01   0.692456703E+01
   245    248 1   0.103108800E-01   0.240515675E-02
   245    249 1   0.110144189E+00   0.412612529E-01
   246    249 1   0.151453119E-01   0.381524446E-02
   246    250 1   0.737511599E-01   0.254982943E-01
   247    250 1   0.819141287E-02   0.182481601E-02
   247    251 1   0.415462964E-01   0.128064065E-01
   247    252 1   0.846837414E+00   0.477033138E+00
   248    251 1   0.113586411E-01   0.270134565E-02
   248    252 1   0.270888512E-01   0.766544213E-02
   249    252 1   0.509144559E-02   0.103133043E-02
   249    253 1   0.404000216E-01   0.123835859E-01
   250    253 1   0.714813483E-02   0.154960064E-02
   250    254 1   0.378840275E-01   0.114639920E-01
   251    254 1   0.902570765E-02   0.205005739E-02
   251    255 1   0.317202414E-01   0.926386644E-02
   251    256 1   0.109949838E+01   0.652562357E+00
   252    255 1   0.134106777E-01   0.329707917E-02
   252    256 1   0.758304995E-01   0.263633869E-01
   252    275 1   0.358759072E+01   0.269744113E+01
   252    276 1   0.824841360E+00   0.462203276E+00
   252    279 1   0.204742974E+02   0.218091788E+02
   253    256 1   0.709830439E-02   0.153664677E-02
   253    257 1   0.539829246E-01   0.175346134E-01
   253    275 1   0.640959629E+00   0.341495760E+00
   253    276 1   0.196091110E-01   0.520161242E-02
   253    278 1   0.120885256E+00   0.461356353E-01
   253    279 1   0.507965186E+00   0.258338564E+00
   253    282 1   0.300861294E+02   0.346121110E+02
   254    257 1   0.298061286E-02   0.542444349E-03
   254    258 1   0.338168267E-01   0.100034067E-01
   254    276 1   0.120244267E+01   0.726550425E+00
   254    278 1   0.107340439E+01   0.634022315E+00
   254    279 1   0.153628822E+01   0.974890288E+00
   254    282 1   0.341782917E+02   0.403356376E+02
   254    314 1   0.132655526E+02   0.129556414E+02
   255    258 1   0.519277298E-02   0.105600921E-02
   255    259 1   0.466017756E-01   0.146984473E-01
   255    275 1   0.459500917E+01   0.363021346E+01
   256    259 1   0.552129056E-02   0.113667740E-02
   256    260 1   0.511096652E-01   0.164207182E-01
   256    272 1   0.648544023E+00   0.346350531E+00
   256    273 1   0.717908499E+00   0.391265376E+00
   256    275 1   0.541382580E-01   0.175951769E-01
   256    276 1   0.593411196E-01   0.196433424E-01
   256    278 1   0.135502950E+01   0.838546221E+00
   256    279 1   0.188889050E+00   0.788200385E-01
   256    286 1   0.525269228E+02   0.675533444E+02
   257    260 1   0.850289098E-02   0.190839573E-02
   257    261 1   0.453342379E-01   0.142200161E-01
   257    262 1   0.106443449E+01   0.627669794E+00
   257    273 1   0.593220174E+00   0.311205740E+00
   257    276 1   0.385243719E+00   0.185383545E+00
   257    278 1   0.324734039E+00   0.151015624E+00
   257    279 1   0.228766898E-01   0.625835688E-02
   257    282 1   0.163253992E+01   0.104863676E+01
   257    285 1   0.216282726E+02   0.232924250E+02
   257    286 1   0.316046234E+01   0.231680375E+01
   257    294 1   0.363566971E+02   0.434399993E+02
   257    314 1   0.557462530E+01   0.457769994E+01
   258    261 1   0.541699265E-02   0.111095994E-02
   258    262 1   0.271933351E-01   0.770093527E-02
   258    314 1   0.177314139E+00   0.730601475E-01
   259    262 1   0.331273926E-02   0.615762460E-03
   259    263 1   0.312963553E-01   0.911551102E-02
   259    268 1   0.714636560E+01   0.616723902E+01
   259    270 1   0.173938761E+02   0.179334626E+02
   259    271 1   0.733290437E+00   0.401346730E+00
   259    272 1   0.305450662E+00   0.140319423E+00
   259    275 1   0.280350489E+01   0.200645806E+01
   259    279 1   0.392621410E+01   0.300578061E+01
   260    263 1   0.867747568E-02   0.195551247E-02
   260    264 1   0.542067761E-01   0.176219027E-01
   260    265 1   0.139552224E+01   0.868705596E+00
   260    268 1   0.320068799E+01   0.235223394E+01
   260    271 1   0.218609331E-01   0.592639969E-02
   260    272 1   0.182055194E-01   0.475808497E-02
   260    273 1   0.348018507E-01   0.103540751E-01
   260    275 1   0.141225279E+01   0.881218150E+00
   260    276 1   0.458458822E+01   0.362033622E+01
   260    279 1   0.246624966E+00   0.108550780E+00
   260    282 1   0.451353159E+01   0.355310701E+01
   260    283 1   0.241442683E+01   0.167712473E+01
   260    286 1   0.650161167E+00   0.347387139E+00
   261    264 1   0.126764186E-01   0.308165764E-02
   261    265 1   0.608953100E-01   0.202623176E-01
   261    279 1   0.341465079E+01   0.254216689E+01
   261    282 1   0.101092896E+02   0.935089694E+01
   261    286 1   0.235403384E+00   0.102651133E+00
   261    292 1   0.466436038E+02   0.585786045E+02
   261    294 1   0.158200719E+02   0.160043723E+02
   261    313 1   0.167376000E+02   0.171245957E+02
   261    314 1   0.503451472E+00   0.255586342E+00
   261    315 1   0.218880958E+01   0.149086419E+01
   261    316 1   0.795886141E+01   0.701793973E+01
   262    265 1   0.831814479E-02   0.185874698E-02
   262    266 1   0.567754642E-01   0.186286480E-01
   262    267 1   0.991168229E+00   0.576189515E+00
   262    268 1   0.107802971E+01   0.637302147E+00
   262    313 1   0.828659131E+01   0.736613388E+01
   262    314 1   0.654019122E+00   0.349862213E+00
   263    266 1   0.111872312E-01   0.265250151E-02
   263    267 1   0.199679554E-01   0.531604713E-02
   263    268 1   0.446751636E-02   0.881592497E-03
   263    270 1   0.595477459E+00   0.312627297E+00
   263    271 1   0.150987813E-01   0.380118300E-02
   263    272 1   0.458143274E+00   0.228239119E+00
   264    267 1   0.589799663E-02   0.123036488E-02
   264    268 1   0.693060941E-01   0.236654198E-01
   264    271 1   0.759984289E-01   0.264334617E-01
   264    273 1   0.709938430E+01   0.611861781E+01
   264    283 1   0.203409265E+02   0.216388104E+02
   264    286 1   0.877418415E+00   0.497779031E+00
   264    287 1   0.456889843E+00   0.227489999E+00
   265    313 1   0.320558642E+02   0.373488721E+02
   265    314 1   0.780740290E+01   0.685798315E+01
   265    316 1   0.370787706E+01   0.280633101E+01
   268    271 1   0.527225596E-01   0.170445009E-01
   268    272 1   0.298581533E+01   0.216403378E+01
   270    273 1   0.154310359E+01   0.980082429E+00
   270    274 1   0.518609083E+01   0.419755742E+01
   270    275 1   0.244080987E+02   0.269295592E+02
   271    274 1   0.984792888E+00   0.571745017E+00
   271    286 1   0.702885363E+01   0.604574608E+01
   271    287 1   0.331390533E+01   0.245243000E+01
   272    275 1   0.312551772E-01   0.910112047E-02
   272    276 1   0.150755756E+01   0.953053293E+00
   272    279 1   0.687238322E+00   0.371293500E+00
   273    276 1   0.157240780E+00   0.632509031E-01
   273    279 1   0.426648992E-02   0.834206123E-03
   273    280 1   0.777054125E-02   0.171289219E-02
   273    282 1   0.419803147E+00   0.205514908E+00
   273    283 1   0.308142618E-01   0.894727169E-02
   273    286 1   0.165927137E+01   0.106927498E+01
   273    287 1   0.386391850E+01   0.294864204E+01
   274    277 1   0.281126988E+00   0.127019837E+00
   274    280 1   0.208614270E-01   0.560275095E-02
   274    283 1   0.138043872E+01   0.857450506E+00
   275    279 1   0.104755838E+00   0.388510166E-01
   276    279 1   0.688846874E-02   0.148229872E-02
   276    280 1   0.510197875E-01   0.163860727E-01
   276    282 1   0.393534563E+01   0.301417151E+01
   277    280 1   0.482675786E-02   0.967331030E-03
   277    281 1   0.473742837E-01   0.149913137E-01
   278    281 1   0.926447454E-02   0.211530723E-02
   278    282 1   0.436763691E-01   0.135982912E-01
   278    286 1   0.160723651E+02   0.163111376E+02
   279    282 1   0.391431942E-02   0.752273944E-03
   279    283 1   0.330576696E-01   0.973453443E-02
   279    286 1   0.945818885E+00   0.544700886E+00
   279    287 1   0.127806850E+02   0.123894909E+02
   280    283 1   0.625259606E-02   0.131965665E-02
   280    285 1   0.299328416E+01   0.217053124E+01
   281    284 1   0.343055640E+00   0.161296885E+00
   281    285 1   0.543729656E+00   0.280316156E+00
   282    285 1   0.253775259E-02   0.447226614E-03
   282    286 1   0.304916277E-01   0.883497316E-02
   282    292 1   0.425511572E+01   0.331041281E+01
   283    286 1   0.167157821E-01   0.429477628E-02
   283    287 1   0.640296590E-01   0.215201815E-01
   283    288 1   0.894907074E-01   0.321604438E-01
   284    287 1   0.204689632E-01   0.547650538E-02
   284    288 1   0.352479565E-03   0.418551822E-04
   284    289 1   0.206117715E-01   0.552238763E-02
   284    290 1   0.392156580E-01   0.119492298E-01
   284    292 1   0.245610656E+01   0.171192664E+01
   285    288 1   0.222422752E-01   0.605067122E-02
   285    290 1   0.120581034E-01   0.290217308E-02
   285    292 1   0.286627798E-01   0.820295770E-02
   285    294 1   0.583631838E+01   0.483676820E+01
   286    292 1   0.206315147E+00   0.876245580E-01
   286    294 1   0.492682324E+01   0.394701595E+01
   286    314 1   0.104675201E+03   0.154525824E+03
   287    290 1   0.628506797E+00   0.333549642E+00
   288    292 1   0.295831293E+01   0.214013632E+01
   294    311 1   0.229043692E+02   0.249511466E+02
   294    314 1   0.821917924E+01   0.729428362E+01
   294    315 1   0.631361534E+00   0.335368483E+00
   295    314 1   0.166197172E+02   0.169799677E+02
   296    308 1   0.491089436E+01   0.393170762E+01
   296    311 1   0.152568307E+00   0.610022277E-01
   296    312 1   0.289000801E+00   0.131300796E+00
   296    314 1   0.117698436E+01   0.708130557E+00
   296    315 1   0.112823950E+00   0.424688072E-01
   296    316 1   0.722565204E+01   0.624943789E+01
   297    307 1   0.224356062E+02   0.243396246E+02
   297    308 1   0.158156220E+01   0.100946679E+01
   297    311 1   0.575923181E+00   0.300348851E+00
   298    307 1   0.276525920E+01   0.197365628E+01
   298    308 1   0.397623278E-01   0.121493954E-01
   298    311 1   0.312407260E+00   0.144163012E+00
   298    312 1   0.803347538E+00   0.447788220E+00
   299    304 1   0.156479776E+00   0.628837401E-01
   299    305 1   0.832604768E+00   0.467428486E+00
   299    307 1   0.352681527E+01   0.264269936E+01
   299    308 1   0.115999406E+00   0.439071674E-01
   299    311 1   0.696870344E+01   0.598371477E+01
   299    312 1   0.157128476E+02   0.158742926E+02
   300    305 1   0.507229909E+00   0.257889897E+00
   301    304 1   0.356635431E-01   0.106624716E-01
   301    305 1   0.182013040E+00   0.753896119E-01
   301    308 1   0.261427185E+01   0.184505536E+01
   302    305 1   0.737952355E-02   0.160998745E-02
   302    306 1   0.149494542E+01   0.943493492E+00
   302    307 1   0.759511589E+01   0.663482985E+01
   302    308 1   0.264994908E+01   0.187531202E+01
   303    306 1   0.840863714E+00   0.472997927E+00
   303    307 1   0.236076147E+01   0.163249190E+01
   304    307 1   0.199326370E-01   0.530476577E-02
   304    308 1   0.289054289E-01   0.828636015E-02
   305    308 1   0.659772591E-02   0.140754286E-02
   305    309 1   0.430489105E-01   0.133642042E-01
   306    309 1   0.853395425E-02   0.191676503E-02
   306    310 1   0.749390226E-01   0.259919063E-01
   306    313 1   0.146578302E+02   0.146040102E+02
   307    310 1   0.629817919E-02   0.133120984E-02
   307    311 1   0.709136814E-01   0.243256549E-01
   308    311 1   0.757862504E-02   0.166225255E-02
   308    312 1   0.735684036E-01   0.254224910E-01
   309    312 1   0.942231591E-02   0.215862746E-02
   309    313 1   0.777106332E-01   0.271497004E-01
   309    316 1   0.118519508E+02   0.113171302E+02
   310    313 1   0.817623320E-02   0.182075884E-02
   310    314 1   0.542135904E-01   0.176245610E-01
   311    314 1   0.611171171E-02   0.128405592E-02
   311    315 1   0.733160127E-01   0.253178667E-01
   312    315 1   0.689664957E-02   0.148441145E-02
   312    316 1   0.608181683E-01   0.202315197E-01
   313    316 1   0.483082779E-02   0.968309898E-03
